0 0.193359 0.269531 0.056155 0.086054
0 0.376953 0.416016 0.096560 0.345151
0 0.694336 0.431641 0.146973 0.357044
0 0.332031 0.502930 0.176478 0.395240
1 0.369141 0.273438 0.056155 0.057698
1 0.713867 0.277344 0.073139 0.050045
1 0.294922 0.343750 0.073139 0.076691
2 0.659180 0.320312 0.010896 0.029702
2 0.406250 0.382812 0.014001 0.021896
2 0.659180 0.408203 0.021896 0.020323
2 0.367188 0.549805 0.021896 0.025073
3 0.764648 0.494141 0.040564 0.062585
3 0.398438 0.565430 0.045516 0.045516
3 0.651367 0.592773 0.063870 0.034476
4 0.371094 0.359375 0.083188 0.146973
4 0.717773 0.386719 0.095260 0.161598
4 0.308594 0.453125 0.128347 0.169447
