0 0.480469 0.678711 0.099887 0.539786
0 0.142578 0.686523 0.132770 0.514782
0 0.670898 0.698242 0.149991 0.593497
0 0.063477 0.709961 0.126620 0.577627
1 0.670898 0.427734 0.063870 0.051420
1 0.492188 0.431641 0.048378 0.048378
1 0.043945 0.462891 0.087228 0.084323
1 0.106445 0.462891 0.060911 0.062585
2 0.733398 0.635742 0.026650 0.040564
2 0.608398 0.702148 0.021896 0.079334
2 0.445312 0.702148 0.018736 0.045516
2 0.133789 0.706055 0.026650 0.037651
3 0.627930 0.920898 0.045516 0.161598
3 0.472656 0.920898 0.043703 0.034476
3 0.510742 0.924805 0.032657 0.043703
3 0.686523 0.975586 0.040564 0.043703
4 0.488281 0.588867 0.084323 0.192727
4 0.670898 0.608398 0.106168 0.207641
4 0.063477 0.698242 0.126620 0.313915
