2 0.228125 0.714063 0.046875 0.084375
1 0.167969 0.485156 0.064063 0.107813
1 0.325781 0.383594 0.045313 0.082812
1 0.333594 0.259375 0.042188 0.075000
2 0.380469 0.342969 0.023438 0.060937
2 0.285156 0.496094 0.045312 0.067187
2 0.295313 0.475000 0.040625 0.059375
1 0.601562 0.279688 0.062500 0.106250
1 0.720313 0.214844 0.043750 0.101562
1 0.770312 0.421094 0.065625 0.082813
1 0.610156 0.388281 0.045312 0.092187
2 0.629687 0.457813 0.028125 0.056250
2 0.549219 0.481250 0.039062 0.084375
2 0.643750 0.592187 0.040625 0.081250
2 0.528125 0.543750 0.037500 0.056250
3 0.677344 0.665625 0.051562 0.071875
3 0.709375 0.696875 0.046875 0.059375
3 0.601563 0.810156 0.065625 0.060937
3 0.565625 0.770312 0.043750 0.062500
