1 0.372656 0.264063 0.048438 0.084375
1 0.182031 0.258594 0.057812 0.082812
1 0.302344 0.392969 0.067188 0.092188
1 0.107031 0.525781 0.067188 0.104688
5 0.345313 0.457031 0.059375 0.064062
3 0.153906 0.800000 0.057813 0.059375
2 0.147656 0.665625 0.042188 0.056250
3 0.178906 0.712500 0.048438 0.078125
3 0.253906 0.635938 0.045312 0.059375
3 0.296094 0.676562 0.045312 0.046875
3 0.423438 0.460156 0.043750 0.051562
6 0.404687 0.354688 0.031250 0.056250
2 0.214844 0.353125 0.054688 0.068750
2 0.307813 0.608594 0.031250 0.076563
2 0.305469 0.508594 0.035937 0.060937
3 0.263281 0.568750 0.035937 0.037500
3 0.438281 0.417969 0.057813 0.042187
3 0.281250 0.601562 0.018750 0.021875
2 0.159375 0.619531 0.043750 0.054688
2 0.400000 0.404687 0.028125 0.065625
2 0.254688 0.483594 0.043750 0.067187
6 0.295313 0.554688 0.046875 0.037500
6 0.510938 0.410156 0.031250 0.073437
1 0.517969 0.212500 0.048438 0.100000
3 0.511719 0.587500 0.032813 0.068750
3 0.180469 0.623437 0.039062 0.037500
6 0.489844 0.378125 0.029687 0.059375
3 0.521094 0.526563 0.042188 0.050000
