1 0.239063 0.265625 0.059375 0.084375
3 0.210156 0.596875 0.048438 0.068750
3 0.238281 0.621094 0.048438 0.051562
3 0.594531 0.728906 0.035938 0.098437
3 0.634375 0.715625 0.056250 0.075000
7 0.703906 0.812500 0.051562 0.053125
7 0.713281 0.775000 0.045312 0.043750
3 0.715625 0.748438 0.053125 0.046875
1 0.615625 0.319531 0.050000 0.126562
1 0.737500 0.349219 0.056250 0.095312
5 0.719531 0.427344 0.042188 0.095313
3 0.051563 0.632812 0.053125 0.050000
1 0.009375 0.402344 0.018750 0.082812
2 0.595313 0.432031 0.050000 0.089062
2 0.260938 0.434375 0.050000 0.071875
2 0.056250 0.470313 0.050000 0.103125
