1 0.442188 0.059375 0.062500 0.093750
1 0.383594 0.279688 0.045312 0.075000
1 0.189063 0.267969 0.046875 0.082812
1 0.312500 0.385156 0.062500 0.082812
1 0.110156 0.524219 0.054688 0.092188
5 0.341406 0.461719 0.057813 0.064062
3 0.147656 0.793750 0.057813 0.059375
2 0.148438 0.680469 0.043750 0.054688
3 0.172656 0.703125 0.035937 0.078125
3 0.253906 0.635938 0.045312 0.059375
3 0.170313 0.618750 0.043750 0.037500
3 0.296094 0.676562 0.045312 0.046875
3 0.439063 0.471094 0.043750 0.064062
3 0.466406 0.451562 0.017188 0.065625
6 0.417187 0.367188 0.021875 0.071875
2 0.200000 0.410938 0.040625 0.075000
2 0.308594 0.607812 0.029687 0.075000
6 0.294531 0.556250 0.039062 0.037500
2 0.286719 0.538281 0.032813 0.060937
3 0.263281 0.568750 0.035937 0.037500
2 0.260938 0.517188 0.031250 0.056250
3 0.471094 0.389844 0.020313 0.048437
3 0.281250 0.601562 0.018750 0.021875
2 0.421094 0.410938 0.023438 0.056250
