1 0.369531 0.228906 0.048438 0.085938
1 0.182031 0.258594 0.057812 0.082812
1 0.302344 0.392969 0.067188 0.092188
1 0.107031 0.525781 0.067188 0.104688
5 0.345313 0.457031 0.059375 0.064062
3 0.153906 0.800000 0.057813 0.059375
2 0.147656 0.665625 0.042188 0.056250
3 0.178906 0.712500 0.048438 0.078125
3 0.253906 0.635938 0.045312 0.059375
3 0.296094 0.676562 0.045312 0.046875
3 0.423438 0.460156 0.043750 0.051562
6 0.404687 0.340625 0.031250 0.056250
2 0.210156 0.367188 0.054688 0.068750
2 0.307813 0.608594 0.031250 0.076563
2 0.305469 0.508594 0.035937 0.060937
3 0.263281 0.568750 0.035937 0.037500
3 0.438281 0.417187 0.057813 0.040625
3 0.281250 0.601562 0.018750 0.021875
2 0.159375 0.619531 0.043750 0.054688
2 0.399219 0.396875 0.029687 0.065625
2 0.254688 0.483594 0.043750 0.067187
6 0.295313 0.554688 0.046875 0.037500
6 0.539062 0.397656 0.031250 0.073437
1 0.523438 0.207813 0.050000 0.100000
3 0.507812 0.592969 0.040625 0.079687
3 0.180469 0.623437 0.039062 0.037500
6 0.496875 0.360938 0.031250 0.096875
3 0.544531 0.546094 0.029687 0.082812
