1 0.036719 0.419531 0.054688 0.085938
1 0.271094 0.334375 0.051563 0.100000
1 0.484375 0.246875 0.053125 0.103125
1 0.307031 0.789062 0.057813 0.100000
1 0.082813 0.498437 0.062500 0.109375
1 0.347656 0.379688 0.057813 0.128125
1 0.750781 0.388281 0.057813 0.104688
1 0.762500 0.460156 0.059375 0.092188
3 0.483594 0.651563 0.054688 0.059375
3 0.470313 0.621094 0.050000 0.064062
3 0.299219 0.715625 0.048438 0.053125
3 0.378906 0.978906 0.048438 0.042188
3 0.664844 0.671875 0.048438 0.059375
3 0.702344 0.726563 0.051563 0.059375
3 0.666406 0.642188 0.045312 0.046875
3 0.229688 0.635156 0.034375 0.057813
3 0.253125 0.703125 0.043750 0.056250
2 0.727344 0.786719 0.048438 0.098437
