1 0.024219 0.398438 0.048438 0.071875
1 0.300000 0.353906 0.059375 0.117188
1 0.386719 0.338281 0.054688 0.082813
6 0.373438 0.415625 0.031250 0.068750
1 0.371875 0.369531 0.034375 0.057813
2 0.260938 0.546094 0.037500 0.095312
2 0.353906 0.501563 0.026562 0.096875
2 0.357813 0.457813 0.015625 0.062500
2 0.434375 0.502344 0.021875 0.089063
6 0.447656 0.485938 0.020313 0.056250
3 0.297656 0.705469 0.042188 0.057813
3 0.350000 0.695312 0.050000 0.059375
3 0.366406 0.586719 0.045312 0.051562
3 0.346094 0.544531 0.045312 0.032813
3 0.433594 0.613281 0.064062 0.051562
3 0.425781 0.575000 0.048438 0.037500
3 0.066406 0.613281 0.045313 0.048438
