1 0.024219 0.398438 0.048438 0.071875
1 0.306250 0.333594 0.059375 0.117188
1 0.392188 0.327344 0.053125 0.073438
6 0.373438 0.415625 0.031250 0.068750
1 0.375781 0.360156 0.032813 0.057813
2 0.262500 0.529687 0.037500 0.093750
2 0.325781 0.493750 0.026562 0.096875
2 0.352344 0.476562 0.017188 0.084375
2 0.434375 0.502344 0.021875 0.089063
6 0.447656 0.485938 0.020313 0.056250
3 0.286719 0.699219 0.039062 0.051562
3 0.302344 0.672656 0.045312 0.045312
3 0.366406 0.586719 0.045312 0.051562
3 0.346094 0.544531 0.045312 0.032813
3 0.433594 0.613281 0.064062 0.051562
3 0.425781 0.575000 0.048438 0.037500
3 0.067188 0.619531 0.046875 0.048438
