1 0.770312 0.429688 0.053125 0.090625
1 0.773438 0.475000 0.050000 0.093750
3 0.676562 0.668750 0.059375 0.071875
3 0.713281 0.700000 0.060938 0.056250
3 0.727344 0.775000 0.045312 0.053125
3 0.285938 0.966406 0.065625 0.064062
1 0.271094 0.546875 0.051562 0.103125
1 0.336719 0.263281 0.042188 0.070312
1 0.292969 0.436719 0.051562 0.101562
1 0.082031 0.483594 0.060937 0.114062
1 0.076563 0.610156 0.062500 0.095312
3 0.111719 0.864844 0.054687 0.051562
3 0.134375 0.823438 0.053125 0.043750
3 0.100000 0.924219 0.065625 0.054688
3 0.164844 0.869531 0.054688 0.057813
3 0.269531 0.960156 0.048438 0.073438
3 0.347656 0.433594 0.064062 0.067187
2 0.392188 0.359375 0.028125 0.053125
2 0.328906 0.759375 0.029687 0.100000
2 0.253906 0.841406 0.039062 0.085938
2 0.110156 0.687500 0.042188 0.081250
2 0.083594 0.778906 0.060937 0.070312
