3 0.515625 0.773438 0.046875 0.046875
3 0.486719 0.770312 0.032813 0.043750
3 0.413281 0.693750 0.023438 0.046875
3 0.434375 0.717187 0.050000 0.056250
1 0.463281 0.538281 0.048438 0.085938
3 0.871094 0.871094 0.032813 0.070312
3 0.767188 0.970313 0.056250 0.059375
5 0.803125 0.700000 0.037500 0.075000
5 0.758594 0.696875 0.045313 0.090625
1 0.853906 0.581250 0.045312 0.100000
1 0.562500 0.508594 0.046875 0.064062
1 0.824219 0.909375 0.054687 0.090625
2 0.541406 0.663281 0.032813 0.070312
2 0.467969 0.578906 0.039062 0.045312
2 0.485156 0.632031 0.032813 0.039062
