1 0.219531 0.605469 0.054688 0.098437
1 0.335938 0.378125 0.053125 0.075000
1 0.184375 0.168750 0.034375 0.056250
3 0.315625 0.558594 0.040625 0.039062
3 0.331250 0.598437 0.043750 0.053125
3 0.238281 0.804688 0.051562 0.040625
7 0.671875 0.725000 0.050000 0.071875
7 0.687500 0.742969 0.046875 0.060937
3 0.688281 0.614062 0.042188 0.075000
3 0.725781 0.688281 0.029687 0.042188
1 0.753906 0.471094 0.051562 0.092188
1 0.763281 0.427344 0.060937 0.085938
1 0.122656 0.066406 0.045312 0.098437
3 0.216406 0.429688 0.042188 0.043750
3 0.253125 0.417969 0.046875 0.042188
2 0.291406 0.505469 0.045312 0.051562
2 0.144531 0.768750 0.054688 0.065625
2 0.185938 0.692969 0.037500 0.076563
2 0.195313 0.347656 0.028125 0.082812
2 0.154688 0.217188 0.028125 0.046875
