1 0.212500 0.278125 0.059375 0.084375
3 0.213281 0.590625 0.048438 0.068750
3 0.185156 0.601562 0.048438 0.053125
3 0.594531 0.728906 0.035938 0.098437
3 0.634375 0.715625 0.056250 0.075000
7 0.703906 0.812500 0.051562 0.053125
7 0.713281 0.775000 0.045312 0.043750
3 0.715625 0.748438 0.053125 0.046875
1 0.631250 0.308594 0.050000 0.126562
1 0.737500 0.349219 0.056250 0.095312
5 0.719531 0.427344 0.042188 0.095313
3 0.054688 0.625000 0.050000 0.059375
1 0.012500 0.399219 0.025000 0.098437
2 0.260938 0.398438 0.056250 0.096875
2 0.195313 0.440625 0.053125 0.078125
2 0.050781 0.475781 0.032813 0.082812
2 0.626563 0.417969 0.053125 0.082812
