0 0.854492 0.429688 0.099887 0.630815
0 0.577148 0.502930 0.076691 0.618122
0 0.682617 0.502930 0.093978 0.643768
0 0.312500 0.522461 0.083188 0.547150
0 0.429688 0.522461 0.076691 0.577627
0 0.386719 0.561523 0.115944 0.547150
0 0.506836 0.577148 0.128347 0.550870
1 0.827148 0.140625 0.045516 0.057698
1 0.666992 0.209961 0.048378 0.060911
1 0.304688 0.216797 0.051420 0.065625
1 0.624023 0.216797 0.040564 0.051420
1 0.557617 0.224609 0.045516 0.060911
1 0.514648 0.224609 0.042247 0.053192
1 0.425781 0.244141 0.053192 0.046767
1 0.414062 0.273438 0.045516 0.067428
1 0.328125 0.287109 0.054653 0.060911
1 0.376953 0.324219 0.046767 0.073139
1 0.506836 0.332031 0.048378 0.063870
2 0.897461 0.472656 0.045516 0.106168
3 0.877930 0.721680 0.060911 0.053192
4 0.850586 0.328125 0.076691 0.265000
