0 0.850586 0.166016 0.130983 0.118325
0 0.526367 0.169922 0.200724 0.340505
0 0.780273 0.224609 0.151011 0.216256
0 0.952148 0.226562 0.093978 0.254443
0 0.834961 0.326172 0.161598 0.231416
0 0.659180 0.382812 0.169447 0.265000
0 0.924805 0.449219 0.151011 0.232990
0 0.760742 0.514648 0.220697 0.316049
0 0.257812 0.522461 0.177677 0.270442
0 0.443359 0.569336 0.285506 0.285506
0 0.940430 0.678711 0.114383 0.231416
0 0.788086 0.784180 0.192727 0.389920
0 0.600586 0.803711 0.236169 0.331400
0 0.349609 0.920898 0.270442 0.153072
0 0.940430 0.956055 0.114383 0.086054
1 0.850586 0.257812 0.130983 0.095260
1 0.678711 0.324219 0.130098 0.147973
1 0.952148 0.386719 0.096560 0.106168
1 0.729492 0.416016 0.159423 0.115944
1 0.242188 0.451172 0.146973 0.123234
1 0.631836 0.577148 0.140165 0.144016
1 0.291016 0.612305 0.143044 0.107616
1 0.956055 0.643555 0.086054 0.154112
1 0.292969 0.709961 0.149991 0.147973
1 0.608398 0.741211 0.145981 0.171759
1 0.608398 0.916992 0.145981 0.161598
1 0.292969 0.940430 0.154112 0.115944
2 0.901367 0.584961 0.070225 0.093978
3 0.142578 0.627930 0.042247 0.057698
4 0.518555 0.075195 0.177677 0.149991
4 0.518555 0.253906 0.185049 0.185049
