1 0.310937 0.198438 0.043750 0.084375
1 0.662500 0.282031 0.046875 0.092188
1 0.760156 0.421875 0.054688 0.087500
1 0.284375 0.488281 0.050000 0.082812
1 0.218750 0.600781 0.050000 0.095312
9 0.685937 0.628906 0.031250 0.060937
9 0.721875 0.678906 0.028125 0.048438
9 0.623437 0.665625 0.025000 0.043750
9 0.651563 0.644531 0.034375 0.042188
9 0.245313 0.810156 0.034375 0.026562
9 0.269531 0.792188 0.020313 0.025000
0 0.650560 0.464068 0.073916 0.447339
0 0.213009 0.688180 0.158596 0.255230
0 0.306841 0.266160 0.085198 0.219072
0 0.290526 0.568506 0.098560 0.232089
0 0.749541 0.545463 0.101208 0.314959
