1 0.762500 0.427344 0.050000 0.073438
1 0.758594 0.477344 0.054688 0.092188
1 0.341406 0.381250 0.045313 0.093750
1 0.215625 0.603125 0.059375 0.093750
9 0.240625 0.807813 0.040625 0.043750
9 0.274219 0.792188 0.029687 0.031250
10 0.688281 0.753125 0.048438 0.037500
10 0.672656 0.732031 0.054688 0.048438
9 0.461719 0.455469 0.029687 0.039062
9 0.332031 0.597656 0.035937 0.057813
9 0.313281 0.561719 0.035937 0.042188
1 0.114844 0.294531 0.057813 0.107813
9 0.682813 0.621875 0.028125 0.059375
7 0.296094 0.507031 0.045312 0.039062
7 0.285938 0.465625 0.043750 0.040625
9 0.384375 0.459375 0.031250 0.028125
1 0.378906 0.208594 0.051562 0.060938
8 0.142188 0.771094 0.037500 0.064062
8 0.098438 0.428906 0.053125 0.057813
8 0.154688 0.652344 0.034375 0.045312
0 0.418418 0.331954 0.117552 0.284701
0 0.337542 0.463339 0.094042 0.250599
0 0.727626 0.597220 0.145683 0.407925
0 0.128127 0.429255 0.100536 0.360613
