2 0.653125 0.248438 0.025000 0.043750
2 0.705469 0.264063 0.017188 0.040625
2 0.713281 0.271875 0.017188 0.046875
2 0.752344 0.238281 0.020313 0.039062
10 0.691406 0.419531 0.014063 0.023438
10 0.641406 0.439844 0.023438 0.029687
10 0.639062 0.432812 0.021875 0.025000
10 0.702344 0.478125 0.020313 0.031250
10 0.721094 0.475781 0.014063 0.032813
10 0.733594 0.439063 0.023438 0.028125
10 0.749219 0.452344 0.023438 0.029687
0 0.753763 0.344571 0.051936 0.238602
0 0.698192 0.373540 0.080928 0.228840
