1 0.087500 0.556250 0.068750 0.106250
1 0.178125 0.440625 0.068750 0.103125
1 0.307031 0.409375 0.057813 0.112500
1 0.350000 0.451562 0.062500 0.112500
1 0.142188 0.662500 0.065625 0.093750
7 0.060938 0.782031 0.056250 0.057813
7 0.083594 0.760938 0.057813 0.053125
7 0.203125 0.567969 0.034375 0.067187
7 0.185938 0.567187 0.028125 0.084375
7 0.311719 0.523438 0.048438 0.078125
7 0.317188 0.568750 0.037500 0.075000
9 0.322656 0.696875 0.064062 0.053125
9 0.347656 0.661719 0.054688 0.057813
7 0.250000 0.446875 0.046875 0.106250
