2 0.653125 0.249219 0.021875 0.035937
2 0.709375 0.258594 0.015625 0.039062
2 0.714844 0.271875 0.020313 0.040625
2 0.758594 0.235156 0.020313 0.045312
10 0.735156 0.436719 0.023438 0.029688
10 0.747656 0.450000 0.023438 0.031250
10 0.721875 0.471094 0.015625 0.029688
10 0.701562 0.475000 0.021875 0.034375
10 0.689063 0.420312 0.015625 0.031250
10 0.710938 0.424219 0.009375 0.026562
10 0.663281 0.439844 0.023438 0.029687
10 0.640625 0.432812 0.021875 0.034375
0 0.697912 0.364888 0.083471 0.245290
0 0.750201 0.340399 0.043739 0.244864
