0 0.262500 0.225781 0.125000 0.139063
1 0.262500 0.184375 0.056250 0.056250
4 0.262500 0.234375 0.087500 0.065625
6 0.212500 0.240625 0.025000 0.025000
6 0.312500 0.240625 0.025000 0.025000
3 0.240625 0.281250 0.028125 0.028125
3 0.284375 0.281250 0.028125 0.028125
0 0.215625 0.389844 0.125000 0.135937
1 0.215625 0.350000 0.056250 0.056250
4 0.215625 0.398438 0.087500 0.062500
2 0.165625 0.404687 0.025000 0.025000
2 0.265625 0.404687 0.025000 0.025000
3 0.193750 0.443750 0.028125 0.028125
3 0.237500 0.443750 0.028125 0.028125
0 0.592187 0.313281 0.096875 0.107813
1 0.592187 0.281250 0.043750 0.043750
8 0.592187 0.320312 0.068750 0.050000
2 0.553125 0.325000 0.018750 0.018750
2 0.631250 0.325000 0.018750 0.018750
3 0.575000 0.356250 0.021875 0.021875
3 0.609375 0.356250 0.021875 0.021875
0 0.387500 0.305469 0.121875 0.135937
1 0.387500 0.265625 0.056250 0.056250
4 0.387500 0.314063 0.084375 0.062500
2 0.339062 0.320312 0.025000 0.025000
2 0.435937 0.320312 0.025000 0.025000
3 0.365625 0.359375 0.028125 0.028125
3 0.409375 0.359375 0.028125 0.028125
0 0.264062 0.738281 0.093750 0.107813
1 0.264062 0.706250 0.043750 0.043750
4 0.264062 0.745313 0.065625 0.050000
2 0.226562 0.750000 0.018750 0.018750
2 0.301563 0.750000 0.018750 0.018750
3 0.246875 0.781250 0.021875 0.021875
3 0.281250 0.781250 0.021875 0.021875
0 0.196875 0.603125 0.103125 0.115625
5 0.196875 0.568750 0.046875 0.046875
4 0.196875 0.609375 0.071875 0.053125
2 0.156250 0.615625 0.021875 0.021875
2 0.237500 0.615625 0.021875 0.021875
3 0.178125 0.648438 0.025000 0.025000
3 0.215625 0.648438 0.025000 0.025000
