0 0.465625 0.241406 0.125000 0.135937
1 0.465625 0.201563 0.056250 0.056250
8 0.465625 0.250000 0.087500 0.062500
2 0.415625 0.256250 0.025000 0.025000
2 0.515625 0.256250 0.025000 0.025000
3 0.443750 0.295312 0.028125 0.028125
3 0.487500 0.295312 0.028125 0.028125
0 0.431250 0.675000 0.106250 0.121875
1 0.431250 0.639062 0.050000 0.050000
8 0.431250 0.682813 0.075000 0.056250
2 0.389062 0.689063 0.021875 0.021875
2 0.473438 0.689063 0.021875 0.021875
3 0.410938 0.723437 0.025000 0.025000
3 0.451562 0.723437 0.025000 0.025000
0 0.681250 0.794531 0.125000 0.135937
1 0.681250 0.754687 0.056250 0.056250
8 0.681250 0.803125 0.087500 0.062500
6 0.631250 0.809375 0.025000 0.025000
6 0.731250 0.809375 0.025000 0.025000
3 0.659375 0.848437 0.028125 0.028125
3 0.703125 0.848437 0.028125 0.028125
0 0.209375 0.646875 0.103125 0.115625
1 0.209375 0.612500 0.046875 0.046875
4 0.209375 0.653125 0.071875 0.053125
6 0.168750 0.659375 0.021875 0.021875
6 0.250000 0.659375 0.021875 0.021875
7 0.190625 0.692187 0.025000 0.025000
7 0.228125 0.692187 0.025000 0.025000
