0 0.642188 0.457813 0.106250 0.115625
1 0.642188 0.423438 0.046875 0.046875
4 0.642188 0.464062 0.075000 0.053125
2 0.600000 0.470313 0.021875 0.021875
2 0.684375 0.470313 0.021875 0.021875
3 0.623437 0.503125 0.025000 0.025000
3 0.660937 0.503125 0.025000 0.025000
0 0.851562 0.272656 0.090625 0.101562
1 0.851562 0.242188 0.040625 0.040625
4 0.851562 0.278125 0.062500 0.046875
2 0.815625 0.282813 0.018750 0.018750
2 0.887500 0.282813 0.018750 0.018750
3 0.835938 0.312500 0.021875 0.021875
3 0.867188 0.312500 0.021875 0.021875
0 0.703125 0.735938 0.109375 0.125000
5 0.703125 0.698438 0.050000 0.050000
4 0.703125 0.743750 0.078125 0.059375
2 0.659375 0.750000 0.021875 0.021875
2 0.746875 0.750000 0.021875 0.021875
3 0.682813 0.785937 0.025000 0.025000
3 0.723437 0.785937 0.025000 0.025000
0 0.217188 0.300781 0.093750 0.101562
1 0.217188 0.270313 0.040625 0.040625
4 0.217188 0.306250 0.065625 0.046875
2 0.179688 0.310937 0.018750 0.018750
2 0.254688 0.310937 0.018750 0.018750
3 0.201563 0.340625 0.021875 0.021875
3 0.232813 0.340625 0.021875 0.021875
0 0.296875 0.691406 0.090625 0.101562
1 0.296875 0.660937 0.040625 0.040625
4 0.296875 0.696875 0.062500 0.046875
2 0.260937 0.701562 0.018750 0.018750
2 0.332813 0.701562 0.018750 0.018750
3 0.281250 0.731250 0.021875 0.021875
3 0.312500 0.731250 0.021875 0.021875
