0 0.823438 0.324219 0.081250 0.092188
1 0.823438 0.296875 0.037500 0.037500
4 0.823438 0.329688 0.059375 0.043750
2 0.790625 0.334375 0.015625 0.015625
2 0.856250 0.334375 0.015625 0.015625
3 0.807813 0.360938 0.018750 0.018750
3 0.839063 0.360938 0.018750 0.018750
0 0.807813 0.623437 0.106250 0.115625
5 0.807813 0.589063 0.046875 0.046875
4 0.807813 0.629687 0.075000 0.053125
2 0.765625 0.635938 0.021875 0.021875
2 0.850000 0.635938 0.021875 0.021875
3 0.789062 0.668750 0.025000 0.025000
3 0.826562 0.668750 0.025000 0.025000
0 0.334375 0.509375 0.118750 0.131250
1 0.334375 0.470313 0.053125 0.053125
4 0.334375 0.517188 0.081250 0.059375
2 0.287500 0.523438 0.025000 0.025000
2 0.381250 0.523438 0.025000 0.025000
3 0.314063 0.560937 0.028125 0.028125
3 0.354687 0.560937 0.028125 0.028125
0 0.529687 0.746094 0.096875 0.107813
5 0.529687 0.714063 0.043750 0.043750
8 0.529687 0.753125 0.068750 0.050000
2 0.490625 0.757812 0.018750 0.018750
2 0.568750 0.757812 0.018750 0.018750
3 0.512500 0.789062 0.021875 0.021875
3 0.546875 0.789062 0.021875 0.021875
0 0.667188 0.355469 0.093750 0.101562
1 0.667188 0.325000 0.040625 0.040625
4 0.667188 0.360938 0.065625 0.046875
2 0.629687 0.365625 0.018750 0.018750
2 0.704688 0.365625 0.018750 0.018750
3 0.650000 0.395313 0.021875 0.021875
3 0.684375 0.395313 0.021875 0.021875
