0 0.181250 0.241406 0.096875 0.107813
1 0.181250 0.209375 0.043750 0.043750
4 0.181250 0.248438 0.068750 0.050000
6 0.142187 0.253125 0.018750 0.018750
6 0.220312 0.253125 0.018750 0.018750
3 0.164062 0.284375 0.021875 0.021875
3 0.198437 0.284375 0.021875 0.021875
0 0.815625 0.729688 0.106250 0.118750
5 0.815625 0.693750 0.046875 0.046875
4 0.815625 0.735938 0.075000 0.056250
6 0.773438 0.742188 0.021875 0.021875
6 0.857812 0.742188 0.021875 0.021875
3 0.796875 0.776563 0.025000 0.025000
3 0.834375 0.776563 0.025000 0.025000
0 0.168750 0.587500 0.109375 0.121875
1 0.168750 0.551562 0.050000 0.050000
8 0.168750 0.595313 0.078125 0.056250
2 0.125000 0.601562 0.021875 0.021875
2 0.212500 0.601562 0.021875 0.021875
3 0.148438 0.635938 0.025000 0.025000
3 0.189062 0.635938 0.025000 0.025000
0 0.798438 0.536719 0.081250 0.092188
5 0.798438 0.509375 0.037500 0.037500
8 0.798438 0.542188 0.059375 0.043750
2 0.765625 0.546875 0.015625 0.015625
2 0.831250 0.546875 0.015625 0.015625
3 0.782813 0.573438 0.018750 0.018750
3 0.814063 0.573438 0.018750 0.018750
