0 0.309375 0.514844 0.090625 0.101562
1 0.309375 0.484375 0.040625 0.040625
4 0.309375 0.520312 0.062500 0.046875
2 0.273438 0.525000 0.018750 0.018750
2 0.345313 0.525000 0.018750 0.018750
7 0.293750 0.554688 0.021875 0.021875
7 0.325000 0.554688 0.021875 0.021875
0 0.476562 0.732812 0.103125 0.115625
1 0.476562 0.698438 0.046875 0.046875
4 0.476562 0.739062 0.071875 0.053125
2 0.435937 0.745313 0.021875 0.021875
2 0.517188 0.745313 0.021875 0.021875
7 0.457813 0.778125 0.025000 0.025000
7 0.495312 0.778125 0.025000 0.025000
0 0.240625 0.654687 0.106250 0.121875
1 0.240625 0.618750 0.050000 0.050000
4 0.240625 0.662500 0.075000 0.056250
2 0.198437 0.668750 0.021875 0.021875
2 0.282813 0.668750 0.021875 0.021875
3 0.221875 0.703125 0.025000 0.025000
3 0.259375 0.703125 0.025000 0.025000
0 0.762500 0.411719 0.090625 0.098437
5 0.762500 0.382812 0.040625 0.040625
4 0.762500 0.417187 0.062500 0.043750
6 0.726562 0.421875 0.018750 0.018750
6 0.798438 0.421875 0.018750 0.018750
3 0.746875 0.450000 0.021875 0.021875
3 0.778125 0.450000 0.021875 0.021875
0 0.392188 0.394531 0.096875 0.107813
1 0.392188 0.362500 0.043750 0.043750
8 0.392188 0.401562 0.068750 0.050000
2 0.353125 0.406250 0.018750 0.018750
2 0.431250 0.406250 0.018750 0.018750
3 0.375000 0.437500 0.021875 0.021875
3 0.409375 0.437500 0.021875 0.021875
0 0.435937 0.255469 0.121875 0.132812
5 0.435937 0.215625 0.053125 0.053125
4 0.435937 0.262500 0.084375 0.062500
2 0.387500 0.268750 0.025000 0.025000
2 0.484375 0.268750 0.025000 0.025000
3 0.414062 0.307812 0.028125 0.028125
3 0.457813 0.307812 0.028125 0.028125
