0 0.509375 0.760938 0.109375 0.128125
1 0.509375 0.721875 0.050000 0.050000
8 0.509375 0.767188 0.078125 0.059375
6 0.465625 0.773438 0.021875 0.021875
6 0.553125 0.773438 0.021875 0.021875
3 0.489063 0.810937 0.028125 0.028125
3 0.529687 0.810937 0.028125 0.028125
0 0.160938 0.581250 0.103125 0.115625
5 0.160938 0.546875 0.046875 0.046875
8 0.160938 0.587500 0.071875 0.053125
2 0.120313 0.593750 0.021875 0.021875
2 0.201563 0.593750 0.021875 0.021875
7 0.142187 0.626563 0.025000 0.025000
7 0.179688 0.626563 0.025000 0.025000
0 0.354687 0.539844 0.090625 0.101562
5 0.354687 0.509375 0.040625 0.040625
4 0.354687 0.545312 0.062500 0.046875
2 0.318750 0.550000 0.018750 0.018750
2 0.390625 0.550000 0.018750 0.018750
3 0.339062 0.579688 0.021875 0.021875
3 0.370312 0.579688 0.021875 0.021875
