0 0.187500 0.427344 0.090625 0.101562
1 0.187500 0.396875 0.040625 0.040625
4 0.187500 0.432812 0.062500 0.046875
6 0.151562 0.437500 0.018750 0.018750
6 0.223438 0.437500 0.018750 0.018750
7 0.171875 0.467187 0.021875 0.021875
7 0.203125 0.467187 0.021875 0.021875
0 0.823438 0.335156 0.093750 0.104688
5 0.823438 0.304688 0.043750 0.043750
4 0.823438 0.342187 0.065625 0.046875
2 0.785937 0.346875 0.018750 0.018750
2 0.860938 0.346875 0.018750 0.018750
7 0.806250 0.376563 0.021875 0.021875
7 0.840625 0.376563 0.021875 0.021875
0 0.537500 0.251563 0.109375 0.125000
1 0.537500 0.214062 0.050000 0.050000
4 0.537500 0.259375 0.078125 0.059375
2 0.493750 0.265625 0.021875 0.021875
2 0.581250 0.265625 0.021875 0.021875
3 0.517188 0.301563 0.025000 0.025000
3 0.557813 0.301563 0.025000 0.025000
0 0.575000 0.596875 0.112500 0.131250
5 0.575000 0.557813 0.053125 0.053125
8 0.575000 0.604688 0.081250 0.059375
2 0.529687 0.610938 0.021875 0.021875
2 0.620313 0.610938 0.021875 0.021875
3 0.554688 0.648438 0.028125 0.028125
3 0.595313 0.648438 0.028125 0.028125
0 0.300000 0.571094 0.096875 0.107813
1 0.300000 0.539062 0.043750 0.043750
8 0.300000 0.578125 0.068750 0.050000
6 0.260937 0.582812 0.018750 0.018750
6 0.339062 0.582812 0.018750 0.018750
7 0.282813 0.614062 0.021875 0.021875
7 0.317188 0.614062 0.021875 0.021875
