0 0.732812 0.805469 0.090625 0.101562
1 0.732812 0.775000 0.040625 0.040625
4 0.732812 0.810937 0.062500 0.046875
2 0.696875 0.815625 0.018750 0.018750
2 0.768750 0.815625 0.018750 0.018750
7 0.717187 0.845313 0.021875 0.021875
7 0.748437 0.845313 0.021875 0.021875
0 0.562500 0.561719 0.093750 0.101562
5 0.562500 0.531250 0.040625 0.040625
4 0.562500 0.567187 0.065625 0.046875
2 0.525000 0.571875 0.018750 0.018750
2 0.600000 0.571875 0.018750 0.018750
7 0.545312 0.601562 0.021875 0.021875
7 0.579688 0.601562 0.021875 0.021875
0 0.182812 0.582812 0.103125 0.115625
1 0.182812 0.548438 0.046875 0.046875
4 0.182812 0.589063 0.071875 0.053125
2 0.142187 0.595313 0.021875 0.021875
2 0.223438 0.595313 0.021875 0.021875
3 0.164062 0.628125 0.025000 0.025000
3 0.201563 0.628125 0.025000 0.025000
0 0.150000 0.444531 0.081250 0.092188
1 0.150000 0.417187 0.037500 0.037500
4 0.150000 0.450000 0.059375 0.043750
2 0.117188 0.454688 0.015625 0.015625
2 0.182812 0.454688 0.015625 0.015625
3 0.134375 0.481250 0.018750 0.018750
3 0.165625 0.481250 0.018750 0.018750
0 0.375000 0.655469 0.125000 0.135937
1 0.375000 0.615625 0.056250 0.056250
4 0.375000 0.664062 0.087500 0.062500
6 0.325000 0.670312 0.025000 0.025000
6 0.425000 0.670312 0.025000 0.025000
3 0.353125 0.709375 0.028125 0.028125
3 0.396875 0.709375 0.028125 0.028125
