0 0.828125 0.557031 0.090625 0.095312
1 0.828125 0.529687 0.040625 0.040625
4 0.828125 0.564063 0.062500 0.043750
2 0.792188 0.568750 0.018750 0.018750
2 0.864062 0.568750 0.018750 0.018750
3 0.812500 0.595313 0.018750 0.018750
3 0.843750 0.595313 0.018750 0.018750
0 0.548438 0.231250 0.118750 0.131250
1 0.548438 0.192188 0.053125 0.053125
4 0.548438 0.239063 0.081250 0.059375
2 0.501563 0.245312 0.025000 0.025000
2 0.595313 0.245312 0.025000 0.025000
3 0.528125 0.282813 0.028125 0.028125
3 0.568750 0.282813 0.028125 0.028125
0 0.392188 0.621094 0.118750 0.129688
1 0.392188 0.582812 0.053125 0.053125
8 0.392188 0.628125 0.081250 0.059375
6 0.345313 0.634375 0.025000 0.025000
6 0.439063 0.634375 0.025000 0.025000
3 0.370312 0.671875 0.028125 0.028125
3 0.414062 0.671875 0.028125 0.028125
0 0.557813 0.551562 0.118750 0.131250
1 0.557813 0.512500 0.053125 0.053125
8 0.557813 0.559375 0.081250 0.059375
2 0.510938 0.565625 0.025000 0.025000
2 0.604688 0.565625 0.025000 0.025000
3 0.537500 0.603125 0.028125 0.028125
3 0.578125 0.603125 0.028125 0.028125
