0 0.709375 0.645312 0.106250 0.115625
1 0.709375 0.610938 0.046875 0.046875
4 0.709375 0.651563 0.075000 0.053125
2 0.667188 0.657813 0.021875 0.021875
2 0.751563 0.657813 0.021875 0.021875
3 0.690625 0.690625 0.025000 0.025000
3 0.728125 0.690625 0.025000 0.025000
0 0.587500 0.333594 0.096875 0.107813
1 0.587500 0.301563 0.043750 0.043750
4 0.587500 0.340625 0.068750 0.050000
2 0.548438 0.345313 0.018750 0.018750
2 0.626563 0.345313 0.018750 0.018750
3 0.570312 0.376563 0.021875 0.021875
3 0.604688 0.376563 0.021875 0.021875
0 0.226562 0.249219 0.121875 0.132812
1 0.226562 0.209375 0.053125 0.053125
4 0.226562 0.256250 0.084375 0.062500
2 0.178125 0.262500 0.025000 0.025000
2 0.275000 0.262500 0.025000 0.025000
3 0.204687 0.301563 0.028125 0.028125
3 0.248438 0.301563 0.028125 0.028125
0 0.356250 0.560156 0.125000 0.139063
1 0.356250 0.518750 0.056250 0.056250
4 0.356250 0.568750 0.087500 0.065625
6 0.306250 0.575000 0.025000 0.025000
6 0.406250 0.575000 0.025000 0.025000
3 0.334375 0.615625 0.028125 0.028125
3 0.378125 0.615625 0.028125 0.028125
0 0.846875 0.488281 0.096875 0.107813
1 0.846875 0.456250 0.043750 0.043750
8 0.846875 0.495312 0.068750 0.050000
2 0.807813 0.500000 0.018750 0.018750
2 0.885938 0.500000 0.018750 0.018750
3 0.829688 0.531250 0.021875 0.021875
3 0.864062 0.531250 0.021875 0.021875
0 0.168750 0.742188 0.106250 0.115625
1 0.168750 0.707812 0.046875 0.046875
4 0.168750 0.748437 0.075000 0.053125
2 0.126562 0.754687 0.021875 0.021875
2 0.210938 0.754687 0.021875 0.021875
3 0.150000 0.787500 0.025000 0.025000
3 0.187500 0.787500 0.025000 0.025000
