0 0.360938 0.669531 0.090625 0.101562
1 0.360938 0.639062 0.040625 0.040625
4 0.360938 0.675000 0.062500 0.046875
2 0.325000 0.679688 0.018750 0.018750
2 0.396875 0.679688 0.018750 0.018750
3 0.345313 0.709375 0.021875 0.021875
3 0.376563 0.709375 0.021875 0.021875
0 0.315625 0.383594 0.093750 0.101562
1 0.315625 0.353125 0.040625 0.040625
4 0.315625 0.389062 0.065625 0.046875
2 0.278125 0.393750 0.018750 0.018750
2 0.353125 0.393750 0.018750 0.018750
3 0.298438 0.423438 0.021875 0.021875
3 0.332813 0.423438 0.021875 0.021875
0 0.570312 0.676562 0.103125 0.115625
1 0.570312 0.642188 0.046875 0.046875
4 0.570312 0.682813 0.071875 0.053125
6 0.529687 0.689063 0.021875 0.021875
6 0.610938 0.689063 0.021875 0.021875
3 0.551562 0.721875 0.025000 0.025000
3 0.589063 0.721875 0.025000 0.025000
