0 0.428125 0.735156 0.090625 0.101562
1 0.428125 0.704688 0.040625 0.040625
4 0.428125 0.740625 0.062500 0.046875
2 0.392188 0.745313 0.018750 0.018750
2 0.464062 0.745313 0.018750 0.018750
3 0.412500 0.775000 0.021875 0.021875
3 0.443750 0.775000 0.021875 0.021875
0 0.565625 0.453125 0.118750 0.131250
1 0.565625 0.414062 0.053125 0.053125
4 0.565625 0.460938 0.081250 0.059375
2 0.518750 0.467187 0.025000 0.025000
2 0.612500 0.467187 0.025000 0.025000
3 0.545312 0.504687 0.028125 0.028125
3 0.585938 0.504687 0.028125 0.028125
0 0.403125 0.261719 0.121875 0.135937
1 0.403125 0.221875 0.056250 0.056250
4 0.403125 0.270313 0.084375 0.062500
2 0.354687 0.276562 0.025000 0.025000
2 0.451562 0.276562 0.025000 0.025000
7 0.381250 0.315625 0.028125 0.028125
7 0.425000 0.315625 0.028125 0.028125
0 0.162500 0.594531 0.090625 0.098437
1 0.162500 0.565625 0.040625 0.040625
4 0.162500 0.600000 0.062500 0.043750
6 0.126562 0.604688 0.018750 0.018750
6 0.198437 0.604688 0.018750 0.018750
3 0.146875 0.632812 0.021875 0.021875
3 0.178125 0.632812 0.021875 0.021875
0 0.709375 0.643750 0.103125 0.115625
1 0.709375 0.609375 0.046875 0.046875
8 0.709375 0.650000 0.071875 0.053125
6 0.668750 0.656250 0.021875 0.021875
6 0.750000 0.656250 0.021875 0.021875
3 0.690625 0.689063 0.025000 0.025000
3 0.728125 0.689063 0.025000 0.025000
0 0.232813 0.228906 0.090625 0.101562
1 0.232813 0.198437 0.040625 0.040625
4 0.232813 0.234375 0.062500 0.046875
2 0.196875 0.239063 0.018750 0.018750
2 0.268750 0.239063 0.018750 0.018750
3 0.217188 0.268750 0.021875 0.021875
3 0.248438 0.268750 0.021875 0.021875
