0 0.420312 0.592969 0.087500 0.095312
1 0.420312 0.565625 0.040625 0.040625
4 0.420312 0.600000 0.059375 0.043750
6 0.385937 0.604688 0.018750 0.018750
6 0.454688 0.604688 0.018750 0.018750
3 0.404687 0.631250 0.018750 0.018750
3 0.435937 0.631250 0.018750 0.018750
0 0.460938 0.426563 0.112500 0.131250
1 0.460938 0.387500 0.053125 0.053125
4 0.460938 0.434375 0.081250 0.059375
2 0.415625 0.440625 0.021875 0.021875
2 0.506250 0.440625 0.021875 0.021875
3 0.440625 0.478125 0.028125 0.028125
3 0.481250 0.478125 0.028125 0.028125
0 0.229687 0.650781 0.125000 0.135937
1 0.229687 0.610938 0.056250 0.056250
4 0.229687 0.659375 0.087500 0.062500
2 0.179688 0.665625 0.025000 0.025000
2 0.279687 0.665625 0.025000 0.025000
3 0.207813 0.704688 0.028125 0.028125
3 0.251563 0.704688 0.028125 0.028125
