0 0.521875 0.606250 0.112500 0.131250
1 0.521875 0.567187 0.053125 0.053125
4 0.521875 0.614062 0.081250 0.059375
2 0.476562 0.620313 0.021875 0.021875
2 0.567187 0.620313 0.021875 0.021875
3 0.501563 0.657813 0.028125 0.028125
3 0.542188 0.657813 0.028125 0.028125
0 0.253125 0.261719 0.090625 0.095312
1 0.253125 0.234375 0.040625 0.040625
4 0.253125 0.268750 0.062500 0.043750
2 0.217188 0.273438 0.018750 0.018750
2 0.289062 0.273438 0.018750 0.018750
3 0.237500 0.300000 0.018750 0.018750
3 0.268750 0.300000 0.018750 0.018750
0 0.606250 0.736719 0.081250 0.092188
1 0.606250 0.709375 0.037500 0.037500
4 0.606250 0.742188 0.059375 0.043750
2 0.573438 0.746875 0.015625 0.015625
2 0.639062 0.746875 0.015625 0.015625
7 0.590625 0.773438 0.018750 0.018750
7 0.621875 0.773438 0.018750 0.018750
0 0.787500 0.566406 0.121875 0.132812
1 0.787500 0.526563 0.053125 0.053125
4 0.787500 0.573438 0.084375 0.062500
2 0.739062 0.579688 0.025000 0.025000
2 0.835938 0.579688 0.025000 0.025000
7 0.765625 0.618750 0.028125 0.028125
7 0.809375 0.618750 0.028125 0.028125
