0 0.342187 0.370312 0.103125 0.115625
1 0.342187 0.335938 0.046875 0.046875
4 0.342187 0.376563 0.071875 0.053125
2 0.301563 0.382812 0.021875 0.021875
2 0.382812 0.382812 0.021875 0.021875
3 0.323437 0.415625 0.025000 0.025000
3 0.360938 0.415625 0.025000 0.025000
0 0.748437 0.769531 0.125000 0.135937
1 0.748437 0.729688 0.056250 0.056250
4 0.748437 0.778125 0.087500 0.062500
2 0.698438 0.784375 0.025000 0.025000
2 0.798438 0.784375 0.025000 0.025000
3 0.726562 0.823438 0.028125 0.028125
3 0.770312 0.823438 0.028125 0.028125
0 0.531250 0.589844 0.090625 0.101562
1 0.531250 0.559375 0.040625 0.040625
8 0.531250 0.595313 0.062500 0.046875
2 0.495312 0.600000 0.018750 0.018750
2 0.567187 0.600000 0.018750 0.018750
3 0.515625 0.629687 0.021875 0.021875
3 0.546875 0.629687 0.021875 0.021875
0 0.596875 0.725781 0.125000 0.135937
1 0.596875 0.685937 0.056250 0.056250
4 0.596875 0.734375 0.087500 0.062500
2 0.546875 0.740625 0.025000 0.025000
2 0.646875 0.740625 0.025000 0.025000
3 0.575000 0.779687 0.028125 0.028125
3 0.618750 0.779687 0.028125 0.028125
0 0.685937 0.605469 0.121875 0.132812
1 0.685937 0.565625 0.053125 0.053125
4 0.685937 0.612500 0.084375 0.062500
2 0.637500 0.618750 0.025000 0.025000
2 0.734375 0.618750 0.025000 0.025000
3 0.664062 0.657813 0.028125 0.028125
3 0.707812 0.657813 0.028125 0.028125
0 0.695312 0.442969 0.096875 0.107813
5 0.695312 0.410938 0.043750 0.043750
8 0.695312 0.450000 0.068750 0.050000
2 0.656250 0.454688 0.018750 0.018750
2 0.734375 0.454688 0.018750 0.018750
3 0.678125 0.485938 0.021875 0.021875
3 0.712500 0.485938 0.021875 0.021875
