0 0.570312 0.639844 0.093750 0.107813
1 0.570312 0.607812 0.043750 0.043750
4 0.570312 0.646875 0.065625 0.050000
2 0.532813 0.651563 0.018750 0.018750
2 0.607812 0.651563 0.018750 0.018750
3 0.553125 0.682813 0.021875 0.021875
3 0.587500 0.682813 0.021875 0.021875
0 0.789062 0.741406 0.096875 0.107813
1 0.789062 0.709375 0.043750 0.043750
4 0.789062 0.748437 0.068750 0.050000
2 0.750000 0.753125 0.018750 0.018750
2 0.828125 0.753125 0.018750 0.018750
7 0.771875 0.784375 0.021875 0.021875
7 0.806250 0.784375 0.021875 0.021875
0 0.668750 0.351562 0.109375 0.121875
1 0.668750 0.315625 0.050000 0.050000
4 0.668750 0.359375 0.078125 0.056250
2 0.625000 0.365625 0.021875 0.021875
2 0.712500 0.365625 0.021875 0.021875
3 0.648438 0.400000 0.025000 0.025000
3 0.689063 0.400000 0.025000 0.025000
0 0.207813 0.341406 0.093750 0.101562
1 0.207813 0.310937 0.040625 0.040625
4 0.207813 0.346875 0.065625 0.046875
2 0.170313 0.351562 0.018750 0.018750
2 0.245312 0.351562 0.018750 0.018750
3 0.190625 0.381250 0.021875 0.021875
3 0.225000 0.381250 0.021875 0.021875
0 0.726562 0.539062 0.106250 0.115625
1 0.726562 0.504687 0.046875 0.046875
4 0.726562 0.545312 0.075000 0.053125
2 0.684375 0.551562 0.021875 0.021875
2 0.768750 0.551562 0.021875 0.021875
3 0.707812 0.584375 0.025000 0.025000
3 0.745313 0.584375 0.025000 0.025000
0 0.406250 0.664844 0.096875 0.107813
1 0.406250 0.632812 0.043750 0.043750
4 0.406250 0.671875 0.068750 0.050000
2 0.367188 0.676562 0.018750 0.018750
2 0.445312 0.676562 0.018750 0.018750
3 0.389062 0.707812 0.021875 0.021875
3 0.423438 0.707812 0.021875 0.021875
