0 0.326562 0.710156 0.093750 0.107813
1 0.326562 0.678125 0.043750 0.043750
4 0.326562 0.717187 0.065625 0.050000
2 0.289062 0.721875 0.018750 0.018750
2 0.364063 0.721875 0.018750 0.018750
3 0.309375 0.753125 0.021875 0.021875
3 0.343750 0.753125 0.021875 0.021875
0 0.559375 0.369531 0.125000 0.135937
1 0.559375 0.329688 0.056250 0.056250
4 0.559375 0.378125 0.087500 0.062500
2 0.509375 0.384375 0.025000 0.025000
2 0.609375 0.384375 0.025000 0.025000
3 0.537500 0.423438 0.028125 0.028125
3 0.581250 0.423438 0.028125 0.028125
0 0.562500 0.561719 0.096875 0.107813
1 0.562500 0.529687 0.043750 0.043750
4 0.562500 0.568750 0.068750 0.050000
6 0.523438 0.573438 0.018750 0.018750
6 0.601562 0.573438 0.018750 0.018750
3 0.545312 0.604688 0.021875 0.021875
3 0.579688 0.604688 0.021875 0.021875
0 0.342187 0.253125 0.112500 0.131250
5 0.342187 0.214062 0.053125 0.053125
4 0.342187 0.260937 0.081250 0.059375
2 0.296875 0.267188 0.021875 0.021875
2 0.387500 0.267188 0.021875 0.021875
3 0.321875 0.304688 0.028125 0.028125
3 0.362500 0.304688 0.028125 0.028125
0 0.584375 0.715625 0.103125 0.115625
1 0.584375 0.681250 0.046875 0.046875
4 0.584375 0.721875 0.071875 0.053125
2 0.543750 0.728125 0.021875 0.021875
2 0.625000 0.728125 0.021875 0.021875
3 0.565625 0.760938 0.025000 0.025000
3 0.603125 0.760938 0.025000 0.025000
