0 0.840625 0.358594 0.118750 0.129688
1 0.840625 0.320312 0.053125 0.053125
4 0.840625 0.365625 0.081250 0.059375
2 0.793750 0.371875 0.025000 0.025000
2 0.887500 0.371875 0.025000 0.025000
7 0.818750 0.409375 0.028125 0.028125
7 0.862500 0.409375 0.028125 0.028125
0 0.803125 0.783594 0.121875 0.135937
1 0.803125 0.743750 0.056250 0.056250
4 0.803125 0.792188 0.084375 0.062500
2 0.754687 0.798438 0.025000 0.025000
2 0.851562 0.798438 0.025000 0.025000
3 0.781250 0.837500 0.028125 0.028125
3 0.825000 0.837500 0.028125 0.028125
0 0.620313 0.753906 0.125000 0.135937
1 0.620313 0.714063 0.056250 0.056250
4 0.620313 0.762500 0.087500 0.062500
2 0.570312 0.768750 0.025000 0.025000
2 0.670312 0.768750 0.025000 0.025000
3 0.598437 0.807813 0.028125 0.028125
3 0.642188 0.807813 0.028125 0.028125
