0 0.275000 0.735156 0.096875 0.107813
1 0.275000 0.703125 0.043750 0.043750
4 0.275000 0.742188 0.068750 0.050000
2 0.235937 0.746875 0.018750 0.018750
2 0.314063 0.746875 0.018750 0.018750
3 0.257812 0.778125 0.021875 0.021875
3 0.292187 0.778125 0.021875 0.021875
0 0.579688 0.649219 0.118750 0.129688
5 0.579688 0.610938 0.053125 0.053125
4 0.579688 0.656250 0.081250 0.059375
6 0.532813 0.662500 0.025000 0.025000
6 0.626563 0.662500 0.025000 0.025000
7 0.557813 0.700000 0.028125 0.028125
7 0.601562 0.700000 0.028125 0.028125
0 0.203125 0.493750 0.118750 0.131250
5 0.203125 0.454688 0.053125 0.053125
4 0.203125 0.501563 0.081250 0.059375
6 0.156250 0.507812 0.025000 0.025000
6 0.250000 0.507812 0.025000 0.025000
3 0.182812 0.545312 0.028125 0.028125
3 0.223438 0.545312 0.028125 0.028125
0 0.168750 0.251563 0.106250 0.115625
1 0.168750 0.217188 0.046875 0.046875
4 0.168750 0.257812 0.075000 0.053125
6 0.126562 0.264062 0.021875 0.021875
6 0.210938 0.264062 0.021875 0.021875
3 0.150000 0.296875 0.025000 0.025000
3 0.187500 0.296875 0.025000 0.025000
