0 0.415625 0.614844 0.090625 0.101562
1 0.415625 0.584375 0.040625 0.040625
4 0.415625 0.620313 0.062500 0.046875
2 0.379688 0.625000 0.018750 0.018750
2 0.451562 0.625000 0.018750 0.018750
3 0.400000 0.654687 0.021875 0.021875
3 0.431250 0.654687 0.021875 0.021875
0 0.829688 0.258594 0.090625 0.095312
1 0.829688 0.231250 0.040625 0.040625
4 0.829688 0.265625 0.062500 0.043750
2 0.793750 0.270313 0.018750 0.018750
2 0.865625 0.270313 0.018750 0.018750
7 0.814063 0.296875 0.018750 0.018750
7 0.845313 0.296875 0.018750 0.018750
0 0.615625 0.609375 0.109375 0.121875
1 0.615625 0.573438 0.050000 0.050000
4 0.615625 0.617188 0.078125 0.056250
2 0.571875 0.623437 0.021875 0.021875
2 0.659375 0.623437 0.021875 0.021875
3 0.595313 0.657813 0.025000 0.025000
3 0.635938 0.657813 0.025000 0.025000
0 0.325000 0.761719 0.093750 0.104688
1 0.325000 0.731250 0.043750 0.043750
4 0.325000 0.768750 0.065625 0.046875
6 0.287500 0.773438 0.018750 0.018750
6 0.362500 0.773438 0.018750 0.018750
3 0.307812 0.803125 0.021875 0.021875
3 0.342187 0.803125 0.021875 0.021875
0 0.735938 0.729688 0.106250 0.115625
1 0.735938 0.695312 0.046875 0.046875
8 0.735938 0.735938 0.075000 0.053125
6 0.693750 0.742188 0.021875 0.021875
6 0.778125 0.742188 0.021875 0.021875
3 0.717187 0.775000 0.025000 0.025000
3 0.754687 0.775000 0.025000 0.025000
