0 0.353125 0.317188 0.118750 0.131250
5 0.353125 0.278125 0.053125 0.053125
4 0.353125 0.325000 0.081250 0.059375
6 0.306250 0.331250 0.025000 0.025000
6 0.400000 0.331250 0.025000 0.025000
3 0.332813 0.368750 0.028125 0.028125
3 0.373437 0.368750 0.028125 0.028125
0 0.632812 0.256250 0.103125 0.115625
5 0.632812 0.221875 0.046875 0.046875
4 0.632812 0.262500 0.071875 0.053125
2 0.592187 0.268750 0.021875 0.021875
2 0.673438 0.268750 0.021875 0.021875
3 0.614062 0.301563 0.025000 0.025000
3 0.651563 0.301563 0.025000 0.025000
0 0.520312 0.357031 0.118750 0.129688
1 0.520312 0.318750 0.053125 0.053125
4 0.520312 0.364063 0.081250 0.059375
2 0.473438 0.370312 0.025000 0.025000
2 0.567187 0.370312 0.025000 0.025000
3 0.498437 0.407813 0.028125 0.028125
3 0.542188 0.407813 0.028125 0.028125
0 0.815625 0.435156 0.096875 0.107813
1 0.815625 0.403125 0.043750 0.043750
4 0.815625 0.442188 0.068750 0.050000
6 0.776563 0.446875 0.018750 0.018750
6 0.854688 0.446875 0.018750 0.018750
3 0.798438 0.478125 0.021875 0.021875
3 0.832812 0.478125 0.021875 0.021875
