0 0.346875 0.402344 0.096875 0.107813
1 0.346875 0.370312 0.043750 0.043750
4 0.346875 0.409375 0.068750 0.050000
2 0.307812 0.414062 0.018750 0.018750
2 0.385937 0.414062 0.018750 0.018750
3 0.329688 0.445312 0.021875 0.021875
3 0.364063 0.445312 0.021875 0.021875
0 0.728125 0.436719 0.096875 0.107813
5 0.728125 0.404687 0.043750 0.043750
4 0.728125 0.443750 0.068750 0.050000
2 0.689063 0.448437 0.018750 0.018750
2 0.767188 0.448437 0.018750 0.018750
7 0.710938 0.479687 0.021875 0.021875
7 0.745313 0.479687 0.021875 0.021875
0 0.145313 0.317188 0.118750 0.131250
1 0.145313 0.278125 0.053125 0.053125
8 0.145313 0.325000 0.081250 0.059375
2 0.098437 0.331250 0.025000 0.025000
2 0.192188 0.331250 0.025000 0.025000
3 0.125000 0.368750 0.028125 0.028125
3 0.165625 0.368750 0.028125 0.028125
0 0.656250 0.313281 0.121875 0.132812
1 0.656250 0.273438 0.053125 0.053125
4 0.656250 0.320312 0.084375 0.062500
2 0.607812 0.326562 0.025000 0.025000
2 0.704688 0.326562 0.025000 0.025000
3 0.634375 0.365625 0.028125 0.028125
3 0.678125 0.365625 0.028125 0.028125
0 0.253125 0.693750 0.106250 0.121875
1 0.253125 0.657813 0.050000 0.050000
8 0.253125 0.701562 0.075000 0.056250
2 0.210938 0.707812 0.021875 0.021875
2 0.295312 0.707812 0.021875 0.021875
3 0.232813 0.742188 0.025000 0.025000
3 0.273438 0.742188 0.025000 0.025000
