0 0.568750 0.582812 0.112500 0.131250
1 0.568750 0.543750 0.053125 0.053125
4 0.568750 0.590625 0.081250 0.059375
6 0.523438 0.596875 0.021875 0.021875
6 0.614062 0.596875 0.021875 0.021875
3 0.548438 0.634375 0.028125 0.028125
3 0.589063 0.634375 0.028125 0.028125
0 0.367188 0.517969 0.093750 0.101562
1 0.367188 0.487500 0.040625 0.040625
4 0.367188 0.523438 0.065625 0.046875
6 0.329688 0.528125 0.018750 0.018750
6 0.404687 0.528125 0.018750 0.018750
3 0.350000 0.557813 0.021875 0.021875
3 0.384375 0.557813 0.021875 0.021875
0 0.403125 0.735938 0.103125 0.115625
1 0.403125 0.701562 0.046875 0.046875
4 0.403125 0.742188 0.071875 0.053125
2 0.362500 0.748437 0.021875 0.021875
2 0.443750 0.748437 0.021875 0.021875
3 0.384375 0.781250 0.025000 0.025000
3 0.421875 0.781250 0.025000 0.025000
0 0.743750 0.246094 0.125000 0.139063
1 0.743750 0.204687 0.056250 0.056250
8 0.743750 0.254688 0.087500 0.065625
2 0.693750 0.260937 0.025000 0.025000
2 0.793750 0.260937 0.025000 0.025000
3 0.721875 0.301563 0.028125 0.028125
3 0.765625 0.301563 0.028125 0.028125
0 0.179688 0.294531 0.090625 0.098437
1 0.179688 0.265625 0.040625 0.040625
4 0.179688 0.300000 0.062500 0.043750
2 0.143750 0.304688 0.018750 0.018750
2 0.215625 0.304688 0.018750 0.018750
3 0.164062 0.332813 0.021875 0.021875
3 0.195312 0.332813 0.021875 0.021875
0 0.585938 0.297656 0.093750 0.107813
1 0.585938 0.265625 0.043750 0.043750
4 0.585938 0.304688 0.065625 0.050000
2 0.548438 0.309375 0.018750 0.018750
2 0.623437 0.309375 0.018750 0.018750
7 0.568750 0.340625 0.021875 0.021875
7 0.603125 0.340625 0.021875 0.021875
