0 0.410938 0.646875 0.109375 0.121875
1 0.410938 0.610938 0.050000 0.050000
4 0.410938 0.654687 0.078125 0.056250
2 0.367188 0.660937 0.021875 0.021875
2 0.454688 0.660937 0.021875 0.021875
3 0.390625 0.695312 0.025000 0.025000
3 0.431250 0.695312 0.025000 0.025000
0 0.223438 0.313281 0.096875 0.107813
1 0.223438 0.281250 0.043750 0.043750
8 0.223438 0.320312 0.068750 0.050000
6 0.184375 0.325000 0.018750 0.018750
6 0.262500 0.325000 0.018750 0.018750
3 0.206250 0.356250 0.021875 0.021875
3 0.240625 0.356250 0.021875 0.021875
0 0.648438 0.460938 0.103125 0.115625
1 0.648438 0.426563 0.046875 0.046875
8 0.648438 0.467187 0.071875 0.053125
6 0.607812 0.473438 0.021875 0.021875
6 0.689063 0.473438 0.021875 0.021875
3 0.629687 0.506250 0.025000 0.025000
3 0.667188 0.506250 0.025000 0.025000
