0 0.475000 0.299219 0.093750 0.107813
1 0.475000 0.267188 0.043750 0.043750
4 0.475000 0.306250 0.065625 0.050000
2 0.437500 0.310937 0.018750 0.018750
2 0.512500 0.310937 0.018750 0.018750
3 0.457813 0.342187 0.021875 0.021875
3 0.492188 0.342187 0.021875 0.021875
0 0.235937 0.784375 0.109375 0.125000
1 0.235937 0.746875 0.050000 0.050000
4 0.235937 0.792188 0.078125 0.059375
2 0.192188 0.798438 0.021875 0.021875
2 0.279687 0.798438 0.021875 0.021875
7 0.215625 0.834375 0.025000 0.025000
7 0.256250 0.834375 0.025000 0.025000
0 0.689063 0.449219 0.125000 0.139063
1 0.689063 0.407813 0.056250 0.056250
8 0.689063 0.457813 0.087500 0.065625
2 0.639062 0.464062 0.025000 0.025000
2 0.739062 0.464062 0.025000 0.025000
3 0.667188 0.504687 0.028125 0.028125
3 0.710938 0.504687 0.028125 0.028125
0 0.184375 0.645312 0.103125 0.115625
1 0.184375 0.610938 0.046875 0.046875
8 0.184375 0.651563 0.071875 0.053125
2 0.143750 0.657813 0.021875 0.021875
2 0.225000 0.657813 0.021875 0.021875
3 0.165625 0.690625 0.025000 0.025000
3 0.203125 0.690625 0.025000 0.025000
0 0.832812 0.329688 0.106250 0.121875
1 0.832812 0.293750 0.050000 0.050000
4 0.832812 0.337500 0.075000 0.056250
6 0.790625 0.343750 0.021875 0.021875
6 0.875000 0.343750 0.021875 0.021875
3 0.814063 0.378125 0.025000 0.025000
3 0.851562 0.378125 0.025000 0.025000
