0 0.310937 0.366406 0.125000 0.135937
1 0.310937 0.326562 0.056250 0.056250
4 0.310937 0.375000 0.087500 0.062500
2 0.260937 0.381250 0.025000 0.025000
2 0.360938 0.381250 0.025000 0.025000
3 0.289062 0.420312 0.028125 0.028125
3 0.332813 0.420312 0.028125 0.028125
0 0.803125 0.440625 0.112500 0.128125
1 0.803125 0.401562 0.050000 0.050000
4 0.803125 0.446875 0.081250 0.059375
2 0.757812 0.453125 0.021875 0.021875
2 0.848437 0.453125 0.021875 0.021875
3 0.782813 0.490625 0.028125 0.028125
3 0.823438 0.490625 0.028125 0.028125
0 0.621875 0.805469 0.096875 0.107813
5 0.621875 0.773438 0.043750 0.043750
4 0.621875 0.812500 0.068750 0.050000
2 0.582812 0.817187 0.018750 0.018750
2 0.660937 0.817187 0.018750 0.018750
3 0.604688 0.848437 0.021875 0.021875
3 0.639062 0.848437 0.021875 0.021875
