0 0.856250 0.360156 0.121875 0.132812
1 0.856250 0.320312 0.053125 0.053125
4 0.856250 0.367188 0.084375 0.062500
2 0.807813 0.373437 0.025000 0.025000
2 0.904687 0.373437 0.025000 0.025000
3 0.834375 0.412500 0.028125 0.028125
3 0.878125 0.412500 0.028125 0.028125
0 0.203125 0.781250 0.106250 0.121875
5 0.203125 0.745313 0.050000 0.050000
4 0.203125 0.789062 0.075000 0.056250
6 0.160938 0.795312 0.021875 0.021875
6 0.245312 0.795312 0.021875 0.021875
3 0.184375 0.829688 0.025000 0.025000
3 0.221875 0.829688 0.025000 0.025000
0 0.695312 0.686719 0.093750 0.101562
1 0.695312 0.656250 0.040625 0.040625
4 0.695312 0.692187 0.065625 0.046875
2 0.657813 0.696875 0.018750 0.018750
2 0.732812 0.696875 0.018750 0.018750
3 0.678125 0.726562 0.021875 0.021875
3 0.712500 0.726562 0.021875 0.021875
0 0.325000 0.411719 0.121875 0.132812
1 0.325000 0.371875 0.053125 0.053125
4 0.325000 0.418750 0.084375 0.062500
2 0.276562 0.425000 0.025000 0.025000
2 0.373437 0.425000 0.025000 0.025000
3 0.303125 0.464062 0.028125 0.028125
3 0.346875 0.464062 0.028125 0.028125
