0 0.371875 0.325781 0.121875 0.135937
1 0.371875 0.285938 0.056250 0.056250
4 0.371875 0.334375 0.084375 0.062500
2 0.323437 0.340625 0.025000 0.025000
2 0.420312 0.340625 0.025000 0.025000
3 0.350000 0.379688 0.028125 0.028125
3 0.393750 0.379688 0.028125 0.028125
0 0.226562 0.563281 0.087500 0.092188
1 0.226562 0.535937 0.037500 0.037500
4 0.226562 0.568750 0.059375 0.043750
2 0.192188 0.573438 0.018750 0.018750
2 0.260937 0.573438 0.018750 0.018750
3 0.210938 0.600000 0.018750 0.018750
3 0.242188 0.600000 0.018750 0.018750
0 0.695312 0.281250 0.103125 0.115625
1 0.695312 0.246875 0.046875 0.046875
4 0.695312 0.287500 0.071875 0.053125
2 0.654687 0.293750 0.021875 0.021875
2 0.735938 0.293750 0.021875 0.021875
3 0.676562 0.326562 0.025000 0.025000
3 0.714063 0.326562 0.025000 0.025000
