0 0.276562 0.344531 0.121875 0.132812
1 0.276562 0.304688 0.053125 0.053125
4 0.276562 0.351562 0.084375 0.062500
6 0.228125 0.357812 0.025000 0.025000
6 0.325000 0.357812 0.025000 0.025000
3 0.254688 0.396875 0.028125 0.028125
3 0.298438 0.396875 0.028125 0.028125
0 0.856250 0.236719 0.096875 0.107813
1 0.856250 0.204687 0.043750 0.043750
8 0.856250 0.243750 0.068750 0.050000
6 0.817187 0.248438 0.018750 0.018750
6 0.895312 0.248438 0.018750 0.018750
3 0.839063 0.279687 0.021875 0.021875
3 0.873437 0.279687 0.021875 0.021875
0 0.287500 0.628125 0.106250 0.115625
1 0.287500 0.593750 0.046875 0.046875
8 0.287500 0.634375 0.075000 0.053125
2 0.245312 0.640625 0.021875 0.021875
2 0.329688 0.640625 0.021875 0.021875
3 0.268750 0.673438 0.025000 0.025000
3 0.306250 0.673438 0.025000 0.025000
