0 0.721875 0.667188 0.118750 0.131250
1 0.721875 0.628125 0.053125 0.053125
4 0.721875 0.675000 0.081250 0.059375
2 0.675000 0.681250 0.025000 0.025000
2 0.768750 0.681250 0.025000 0.025000
3 0.701562 0.718750 0.028125 0.028125
3 0.742188 0.718750 0.028125 0.028125
0 0.595313 0.472656 0.125000 0.135937
1 0.595313 0.432812 0.056250 0.056250
4 0.595313 0.481250 0.087500 0.062500
2 0.545312 0.487500 0.025000 0.025000
2 0.645312 0.487500 0.025000 0.025000
7 0.573438 0.526563 0.028125 0.028125
7 0.617188 0.526563 0.028125 0.028125
0 0.285938 0.691406 0.090625 0.101562
1 0.285938 0.660937 0.040625 0.040625
4 0.285938 0.696875 0.062500 0.046875
2 0.250000 0.701562 0.018750 0.018750
2 0.321875 0.701562 0.018750 0.018750
3 0.270313 0.731250 0.021875 0.021875
3 0.301563 0.731250 0.021875 0.021875
0 0.568750 0.775781 0.096875 0.107813
1 0.568750 0.743750 0.043750 0.043750
4 0.568750 0.782813 0.068750 0.050000
6 0.529687 0.787500 0.018750 0.018750
6 0.607812 0.787500 0.018750 0.018750
3 0.551562 0.818750 0.021875 0.021875
3 0.585938 0.818750 0.021875 0.021875
