0 0.295312 0.270313 0.103125 0.115625
1 0.295312 0.235937 0.046875 0.046875
4 0.295312 0.276562 0.071875 0.053125
2 0.254688 0.282813 0.021875 0.021875
2 0.335938 0.282813 0.021875 0.021875
3 0.276562 0.315625 0.025000 0.025000
3 0.314063 0.315625 0.025000 0.025000
0 0.618750 0.498437 0.112500 0.128125
5 0.618750 0.459375 0.050000 0.050000
4 0.618750 0.504687 0.081250 0.059375
2 0.573438 0.510938 0.021875 0.021875
2 0.664062 0.510938 0.021875 0.021875
3 0.598437 0.548438 0.028125 0.028125
3 0.639062 0.548438 0.028125 0.028125
0 0.429688 0.342969 0.090625 0.098437
1 0.429688 0.314063 0.040625 0.040625
4 0.429688 0.348438 0.062500 0.043750
2 0.393750 0.353125 0.018750 0.018750
2 0.465625 0.353125 0.018750 0.018750
3 0.414062 0.381250 0.021875 0.021875
3 0.445312 0.381250 0.021875 0.021875
0 0.234375 0.750000 0.106250 0.121875
1 0.234375 0.714063 0.050000 0.050000
4 0.234375 0.757812 0.075000 0.056250
2 0.192188 0.764062 0.021875 0.021875
2 0.276562 0.764062 0.021875 0.021875
3 0.215625 0.798438 0.025000 0.025000
3 0.253125 0.798438 0.025000 0.025000
0 0.762500 0.315625 0.109375 0.121875
1 0.762500 0.279687 0.050000 0.050000
4 0.762500 0.323437 0.078125 0.056250
2 0.718750 0.329688 0.021875 0.021875
2 0.806250 0.329688 0.021875 0.021875
3 0.742188 0.364063 0.025000 0.025000
3 0.782813 0.364063 0.025000 0.025000
