0 0.226562 0.235937 0.103125 0.115625
1 0.226562 0.201563 0.046875 0.046875
4 0.226562 0.242188 0.071875 0.053125
2 0.185938 0.248438 0.021875 0.021875
2 0.267188 0.248438 0.021875 0.021875
3 0.207813 0.281250 0.025000 0.025000
3 0.245312 0.281250 0.025000 0.025000
0 0.639062 0.707031 0.121875 0.132812
1 0.639062 0.667188 0.053125 0.053125
4 0.639062 0.714063 0.084375 0.062500
2 0.590625 0.720313 0.025000 0.025000
2 0.687500 0.720313 0.025000 0.025000
3 0.617188 0.759375 0.028125 0.028125
3 0.660937 0.759375 0.028125 0.028125
0 0.460938 0.451562 0.109375 0.121875
1 0.460938 0.415625 0.050000 0.050000
4 0.460938 0.459375 0.078125 0.056250
2 0.417187 0.465625 0.021875 0.021875
2 0.504687 0.465625 0.021875 0.021875
3 0.440625 0.500000 0.025000 0.025000
3 0.481250 0.500000 0.025000 0.025000
0 0.459375 0.704688 0.106250 0.121875
1 0.459375 0.668750 0.050000 0.050000
4 0.459375 0.712500 0.075000 0.056250
6 0.417187 0.718750 0.021875 0.021875
6 0.501563 0.718750 0.021875 0.021875
3 0.440625 0.753125 0.025000 0.025000
3 0.478125 0.753125 0.025000 0.025000
0 0.384375 0.260937 0.106250 0.121875
1 0.384375 0.225000 0.050000 0.050000
4 0.384375 0.268750 0.075000 0.056250
2 0.342187 0.275000 0.021875 0.021875
2 0.426563 0.275000 0.021875 0.021875
3 0.365625 0.309375 0.025000 0.025000
3 0.403125 0.309375 0.025000 0.025000
0 0.842187 0.420312 0.109375 0.121875
1 0.842187 0.384375 0.050000 0.050000
4 0.842187 0.428125 0.078125 0.056250
2 0.798438 0.434375 0.021875 0.021875
2 0.885938 0.434375 0.021875 0.021875
3 0.821875 0.468750 0.025000 0.025000
3 0.862500 0.468750 0.025000 0.025000
