0 0.465625 0.735156 0.090625 0.101562
1 0.465625 0.704688 0.040625 0.040625
4 0.465625 0.740625 0.062500 0.046875
2 0.429688 0.745313 0.018750 0.018750
2 0.501563 0.745313 0.018750 0.018750
3 0.450000 0.775000 0.021875 0.021875
3 0.481250 0.775000 0.021875 0.021875
0 0.362500 0.260156 0.096875 0.107813
1 0.362500 0.228125 0.043750 0.043750
4 0.362500 0.267188 0.068750 0.050000
6 0.323437 0.271875 0.018750 0.018750
6 0.401562 0.271875 0.018750 0.018750
3 0.345313 0.303125 0.021875 0.021875
3 0.379688 0.303125 0.021875 0.021875
0 0.796875 0.386719 0.096875 0.107813
1 0.796875 0.354687 0.043750 0.043750
4 0.796875 0.393750 0.068750 0.050000
6 0.757812 0.398438 0.018750 0.018750
6 0.835938 0.398438 0.018750 0.018750
3 0.779687 0.429688 0.021875 0.021875
3 0.814063 0.429688 0.021875 0.021875
0 0.196875 0.678906 0.125000 0.135937
1 0.196875 0.639062 0.056250 0.056250
8 0.196875 0.687500 0.087500 0.062500
2 0.146875 0.693750 0.025000 0.025000
2 0.246875 0.693750 0.025000 0.025000
3 0.175000 0.732812 0.028125 0.028125
3 0.218750 0.732812 0.028125 0.028125
