0 0.306250 0.563281 0.090625 0.098437
1 0.306250 0.534375 0.040625 0.040625
8 0.306250 0.568750 0.062500 0.043750
2 0.270313 0.573438 0.018750 0.018750
2 0.342187 0.573438 0.018750 0.018750
3 0.290625 0.601562 0.021875 0.021875
3 0.321875 0.601562 0.021875 0.021875
0 0.496875 0.751563 0.109375 0.121875
1 0.496875 0.715625 0.050000 0.050000
8 0.496875 0.759375 0.078125 0.056250
6 0.453125 0.765625 0.021875 0.021875
6 0.540625 0.765625 0.021875 0.021875
3 0.476562 0.800000 0.025000 0.025000
3 0.517188 0.800000 0.025000 0.025000
0 0.481250 0.538281 0.121875 0.135937
1 0.481250 0.498437 0.056250 0.056250
4 0.481250 0.546875 0.084375 0.062500
2 0.432812 0.553125 0.025000 0.025000
2 0.529687 0.553125 0.025000 0.025000
3 0.459375 0.592187 0.028125 0.028125
3 0.503125 0.592187 0.028125 0.028125
0 0.525000 0.285938 0.103125 0.115625
5 0.525000 0.251563 0.046875 0.046875
8 0.525000 0.292187 0.071875 0.053125
2 0.484375 0.298438 0.021875 0.021875
2 0.565625 0.298438 0.021875 0.021875
3 0.506250 0.331250 0.025000 0.025000
3 0.543750 0.331250 0.025000 0.025000
0 0.665625 0.613281 0.118750 0.129688
1 0.665625 0.575000 0.053125 0.053125
8 0.665625 0.620313 0.081250 0.059375
2 0.618750 0.626563 0.025000 0.025000
2 0.712500 0.626563 0.025000 0.025000
7 0.643750 0.664062 0.028125 0.028125
7 0.687500 0.664062 0.028125 0.028125
0 0.751563 0.382812 0.118750 0.131250
1 0.751563 0.343750 0.053125 0.053125
8 0.751563 0.390625 0.081250 0.059375
2 0.704688 0.396875 0.025000 0.025000
2 0.798438 0.396875 0.025000 0.025000
3 0.731250 0.434375 0.028125 0.028125
3 0.771875 0.434375 0.028125 0.028125
