0 0.178125 0.487500 0.106250 0.115625
5 0.178125 0.453125 0.046875 0.046875
8 0.178125 0.493750 0.075000 0.053125
2 0.135937 0.500000 0.021875 0.021875
2 0.220312 0.500000 0.021875 0.021875
3 0.159375 0.532813 0.025000 0.025000
3 0.196875 0.532813 0.025000 0.025000
0 0.531250 0.453125 0.106250 0.118750
1 0.531250 0.417187 0.046875 0.046875
4 0.531250 0.459375 0.075000 0.056250
2 0.489063 0.465625 0.021875 0.021875
2 0.573438 0.465625 0.021875 0.021875
3 0.512500 0.500000 0.025000 0.025000
3 0.550000 0.500000 0.025000 0.025000
0 0.376563 0.453906 0.096875 0.107813
5 0.376563 0.421875 0.043750 0.043750
4 0.376563 0.460938 0.068750 0.050000
2 0.337500 0.465625 0.018750 0.018750
2 0.415625 0.465625 0.018750 0.018750
3 0.359375 0.496875 0.021875 0.021875
3 0.393750 0.496875 0.021875 0.021875
0 0.675000 0.652344 0.090625 0.101562
1 0.675000 0.621875 0.040625 0.040625
4 0.675000 0.657813 0.062500 0.046875
2 0.639062 0.662500 0.018750 0.018750
2 0.710938 0.662500 0.018750 0.018750
3 0.659375 0.692187 0.021875 0.021875
3 0.690625 0.692187 0.021875 0.021875
0 0.448437 0.241406 0.096875 0.107813
1 0.448437 0.209375 0.043750 0.043750
8 0.448437 0.248438 0.068750 0.050000
2 0.409375 0.253125 0.018750 0.018750
2 0.487500 0.253125 0.018750 0.018750
3 0.431250 0.284375 0.021875 0.021875
3 0.465625 0.284375 0.021875 0.021875
