0 0.175000 0.372656 0.096875 0.107813
1 0.175000 0.340625 0.043750 0.043750
4 0.175000 0.379688 0.068750 0.050000
2 0.135937 0.384375 0.018750 0.018750
2 0.214062 0.384375 0.018750 0.018750
3 0.157812 0.415625 0.021875 0.021875
3 0.192188 0.415625 0.021875 0.021875
0 0.834375 0.789844 0.090625 0.101562
1 0.834375 0.759375 0.040625 0.040625
4 0.834375 0.795312 0.062500 0.046875
2 0.798438 0.800000 0.018750 0.018750
2 0.870313 0.800000 0.018750 0.018750
7 0.818750 0.829688 0.021875 0.021875
7 0.850000 0.829688 0.021875 0.021875
0 0.628125 0.619531 0.096875 0.107813
1 0.628125 0.587500 0.043750 0.043750
8 0.628125 0.626563 0.068750 0.050000
6 0.589063 0.631250 0.018750 0.018750
6 0.667188 0.631250 0.018750 0.018750
3 0.610938 0.662500 0.021875 0.021875
3 0.645312 0.662500 0.021875 0.021875
0 0.793750 0.591406 0.093750 0.101562
1 0.793750 0.560937 0.040625 0.040625
4 0.793750 0.596875 0.065625 0.046875
2 0.756250 0.601562 0.018750 0.018750
2 0.831250 0.601562 0.018750 0.018750
3 0.778125 0.631250 0.021875 0.021875
3 0.809375 0.631250 0.021875 0.021875
0 0.437500 0.589844 0.087500 0.092188
1 0.437500 0.562500 0.037500 0.037500
8 0.437500 0.595313 0.059375 0.043750
2 0.403125 0.600000 0.018750 0.018750
2 0.471875 0.600000 0.018750 0.018750
7 0.421875 0.626563 0.018750 0.018750
7 0.453125 0.626563 0.018750 0.018750
