0 0.548438 0.421094 0.093750 0.101562
5 0.548438 0.390625 0.040625 0.040625
4 0.548438 0.426563 0.065625 0.046875
2 0.510938 0.431250 0.018750 0.018750
2 0.585938 0.431250 0.018750 0.018750
3 0.531250 0.460938 0.021875 0.021875
3 0.565625 0.460938 0.021875 0.021875
0 0.170313 0.264844 0.121875 0.135937
1 0.170313 0.225000 0.056250 0.056250
4 0.170313 0.273438 0.084375 0.062500
2 0.121875 0.279687 0.025000 0.025000
2 0.218750 0.279687 0.025000 0.025000
3 0.148438 0.318750 0.028125 0.028125
3 0.192188 0.318750 0.028125 0.028125
0 0.820312 0.469531 0.121875 0.135937
1 0.820312 0.429688 0.056250 0.056250
8 0.820312 0.478125 0.084375 0.062500
2 0.771875 0.484375 0.025000 0.025000
2 0.868750 0.484375 0.025000 0.025000
3 0.798438 0.523438 0.028125 0.028125
3 0.842187 0.523438 0.028125 0.028125
0 0.143750 0.729688 0.118750 0.131250
1 0.143750 0.690625 0.053125 0.053125
4 0.143750 0.737500 0.081250 0.059375
2 0.096875 0.743750 0.025000 0.025000
2 0.190625 0.743750 0.025000 0.025000
3 0.123438 0.781250 0.028125 0.028125
3 0.164062 0.781250 0.028125 0.028125
