0 0.618750 0.636719 0.090625 0.101562
1 0.618750 0.606250 0.040625 0.040625
4 0.618750 0.642188 0.062500 0.046875
2 0.582812 0.646875 0.018750 0.018750
2 0.654687 0.646875 0.018750 0.018750
3 0.603125 0.676562 0.021875 0.021875
3 0.634375 0.676562 0.021875 0.021875
0 0.629687 0.291406 0.096875 0.107813
5 0.629687 0.259375 0.043750 0.043750
4 0.629687 0.298438 0.068750 0.050000
2 0.590625 0.303125 0.018750 0.018750
2 0.668750 0.303125 0.018750 0.018750
7 0.612500 0.334375 0.021875 0.021875
7 0.646875 0.334375 0.021875 0.021875
0 0.846875 0.514844 0.118750 0.129688
1 0.846875 0.476562 0.053125 0.053125
8 0.846875 0.521875 0.081250 0.059375
2 0.800000 0.528125 0.025000 0.025000
2 0.893750 0.528125 0.025000 0.025000
3 0.825000 0.565625 0.028125 0.028125
3 0.868750 0.565625 0.028125 0.028125
