0 0.329688 0.296094 0.093750 0.107813
5 0.329688 0.264062 0.043750 0.043750
4 0.329688 0.303125 0.065625 0.050000
2 0.292187 0.307812 0.018750 0.018750
2 0.367188 0.307812 0.018750 0.018750
3 0.312500 0.339062 0.021875 0.021875
3 0.346875 0.339062 0.021875 0.021875
0 0.635938 0.580469 0.090625 0.098437
1 0.635938 0.551562 0.040625 0.040625
8 0.635938 0.585938 0.062500 0.043750
6 0.600000 0.590625 0.018750 0.018750
6 0.671875 0.590625 0.018750 0.018750
3 0.620313 0.618750 0.021875 0.021875
3 0.651563 0.618750 0.021875 0.021875
0 0.223438 0.389062 0.109375 0.121875
5 0.223438 0.353125 0.050000 0.050000
4 0.223438 0.396875 0.078125 0.056250
6 0.179688 0.403125 0.021875 0.021875
6 0.267188 0.403125 0.021875 0.021875
3 0.203125 0.437500 0.025000 0.025000
3 0.243750 0.437500 0.025000 0.025000
0 0.740625 0.677344 0.121875 0.135937
1 0.740625 0.637500 0.056250 0.056250
4 0.740625 0.685937 0.084375 0.062500
6 0.692187 0.692187 0.025000 0.025000
6 0.789062 0.692187 0.025000 0.025000
7 0.718750 0.731250 0.028125 0.028125
7 0.762500 0.731250 0.028125 0.028125
0 0.381250 0.439844 0.090625 0.101562
1 0.381250 0.409375 0.040625 0.040625
4 0.381250 0.445312 0.062500 0.046875
2 0.345313 0.450000 0.018750 0.018750
2 0.417187 0.450000 0.018750 0.018750
3 0.365625 0.479687 0.021875 0.021875
3 0.396875 0.479687 0.021875 0.021875
0 0.273438 0.736719 0.093750 0.107813
5 0.273438 0.704688 0.043750 0.043750
4 0.273438 0.743750 0.065625 0.050000
6 0.235937 0.748437 0.018750 0.018750
6 0.310937 0.748437 0.018750 0.018750
3 0.256250 0.779687 0.021875 0.021875
3 0.290625 0.779687 0.021875 0.021875
