0 0.276562 0.310937 0.106250 0.121875
1 0.276562 0.275000 0.050000 0.050000
4 0.276562 0.318750 0.075000 0.056250
2 0.234375 0.325000 0.021875 0.021875
2 0.318750 0.325000 0.021875 0.021875
3 0.256250 0.359375 0.025000 0.025000
3 0.296875 0.359375 0.025000 0.025000
0 0.687500 0.275000 0.103125 0.115625
1 0.687500 0.240625 0.046875 0.046875
4 0.687500 0.281250 0.071875 0.053125
2 0.646875 0.287500 0.021875 0.021875
2 0.728125 0.287500 0.021875 0.021875
3 0.668750 0.320312 0.025000 0.025000
3 0.706250 0.320312 0.025000 0.025000
0 0.746875 0.511719 0.093750 0.107813
1 0.746875 0.479687 0.043750 0.043750
4 0.746875 0.518750 0.065625 0.050000
2 0.709375 0.523438 0.018750 0.018750
2 0.784375 0.523438 0.018750 0.018750
7 0.729688 0.554688 0.021875 0.021875
7 0.764062 0.554688 0.021875 0.021875
0 0.656250 0.729688 0.109375 0.121875
1 0.656250 0.693750 0.050000 0.050000
4 0.656250 0.737500 0.078125 0.056250
6 0.612500 0.743750 0.021875 0.021875
6 0.700000 0.743750 0.021875 0.021875
3 0.635938 0.778125 0.025000 0.025000
3 0.676562 0.778125 0.025000 0.025000
0 0.225000 0.632812 0.103125 0.115625
1 0.225000 0.598437 0.046875 0.046875
4 0.225000 0.639062 0.071875 0.053125
2 0.184375 0.645312 0.021875 0.021875
2 0.265625 0.645312 0.021875 0.021875
3 0.206250 0.678125 0.025000 0.025000
3 0.243750 0.678125 0.025000 0.025000
0 0.390625 0.448437 0.103125 0.115625
5 0.390625 0.414062 0.046875 0.046875
4 0.390625 0.454688 0.071875 0.053125
2 0.350000 0.460938 0.021875 0.021875
2 0.431250 0.460938 0.021875 0.021875
3 0.371875 0.493750 0.025000 0.025000
3 0.409375 0.493750 0.025000 0.025000
