0 0.725000 0.723437 0.106250 0.115625
5 0.725000 0.689063 0.046875 0.046875
4 0.725000 0.729688 0.075000 0.053125
2 0.682813 0.735938 0.021875 0.021875
2 0.767188 0.735938 0.021875 0.021875
3 0.706250 0.768750 0.025000 0.025000
3 0.743750 0.768750 0.025000 0.025000
0 0.814063 0.395313 0.103125 0.115625
1 0.814063 0.360938 0.046875 0.046875
8 0.814063 0.401562 0.071875 0.053125
2 0.773438 0.407813 0.021875 0.021875
2 0.854688 0.407813 0.021875 0.021875
3 0.795312 0.440625 0.025000 0.025000
3 0.832812 0.440625 0.025000 0.025000
0 0.381250 0.327344 0.096875 0.107813
1 0.381250 0.295312 0.043750 0.043750
4 0.381250 0.334375 0.068750 0.050000
2 0.342187 0.339062 0.018750 0.018750
2 0.420312 0.339062 0.018750 0.018750
3 0.364063 0.370312 0.021875 0.021875
3 0.398438 0.370312 0.021875 0.021875
0 0.526563 0.471875 0.118750 0.131250
1 0.526563 0.432812 0.053125 0.053125
4 0.526563 0.479687 0.081250 0.059375
2 0.479687 0.485938 0.025000 0.025000
2 0.573438 0.485938 0.025000 0.025000
3 0.506250 0.523438 0.028125 0.028125
3 0.546875 0.523438 0.028125 0.028125
0 0.685937 0.291406 0.121875 0.132812
5 0.685937 0.251563 0.053125 0.053125
8 0.685937 0.298438 0.084375 0.062500
2 0.637500 0.304688 0.025000 0.025000
2 0.734375 0.304688 0.025000 0.025000
3 0.664062 0.343750 0.028125 0.028125
3 0.707812 0.343750 0.028125 0.028125
0 0.857812 0.625781 0.125000 0.139063
1 0.857812 0.584375 0.056250 0.056250
4 0.857812 0.634375 0.087500 0.065625
2 0.807813 0.640625 0.025000 0.025000
2 0.907813 0.640625 0.025000 0.025000
3 0.835938 0.681250 0.028125 0.028125
3 0.879687 0.681250 0.028125 0.028125
