0 0.370312 0.591406 0.121875 0.135937
1 0.370312 0.551562 0.056250 0.056250
4 0.370312 0.600000 0.084375 0.062500
2 0.321875 0.606250 0.025000 0.025000
2 0.418750 0.606250 0.025000 0.025000
3 0.348438 0.645312 0.028125 0.028125
3 0.392188 0.645312 0.028125 0.028125
0 0.253125 0.741406 0.121875 0.135937
1 0.253125 0.701562 0.056250 0.056250
4 0.253125 0.750000 0.084375 0.062500
2 0.204687 0.756250 0.025000 0.025000
2 0.301563 0.756250 0.025000 0.025000
3 0.231250 0.795312 0.028125 0.028125
3 0.275000 0.795312 0.028125 0.028125
0 0.703125 0.800000 0.106250 0.115625
1 0.703125 0.765625 0.046875 0.046875
4 0.703125 0.806250 0.075000 0.053125
2 0.660937 0.812500 0.021875 0.021875
2 0.745313 0.812500 0.021875 0.021875
3 0.684375 0.845313 0.025000 0.025000
3 0.721875 0.845313 0.025000 0.025000
0 0.601562 0.475000 0.106250 0.118750
1 0.601562 0.439063 0.046875 0.046875
4 0.601562 0.481250 0.075000 0.056250
2 0.559375 0.487500 0.021875 0.021875
2 0.643750 0.487500 0.021875 0.021875
3 0.582812 0.521875 0.025000 0.025000
3 0.620313 0.521875 0.025000 0.025000
0 0.212500 0.546094 0.121875 0.132812
1 0.212500 0.506250 0.053125 0.053125
4 0.212500 0.553125 0.084375 0.062500
2 0.164062 0.559375 0.025000 0.025000
2 0.260937 0.559375 0.025000 0.025000
3 0.190625 0.598437 0.028125 0.028125
3 0.234375 0.598437 0.028125 0.028125
