0 0.659375 0.439063 0.118750 0.131250
1 0.659375 0.400000 0.053125 0.053125
4 0.659375 0.446875 0.081250 0.059375
2 0.612500 0.453125 0.025000 0.025000
2 0.706250 0.453125 0.025000 0.025000
3 0.639062 0.490625 0.028125 0.028125
3 0.679688 0.490625 0.028125 0.028125
0 0.539062 0.521875 0.106250 0.121875
1 0.539062 0.485938 0.050000 0.050000
4 0.539062 0.529687 0.075000 0.056250
2 0.496875 0.535937 0.021875 0.021875
2 0.581250 0.535937 0.021875 0.021875
3 0.520312 0.570312 0.025000 0.025000
3 0.557813 0.570312 0.025000 0.025000
0 0.217188 0.381250 0.118750 0.131250
5 0.217188 0.342187 0.053125 0.053125
4 0.217188 0.389062 0.081250 0.059375
2 0.170313 0.395313 0.025000 0.025000
2 0.264062 0.395313 0.025000 0.025000
3 0.196875 0.432812 0.028125 0.028125
3 0.237500 0.432812 0.028125 0.028125
