0 0.575000 0.550781 0.121875 0.132812
1 0.575000 0.510938 0.053125 0.053125
4 0.575000 0.557813 0.084375 0.062500
2 0.526563 0.564063 0.025000 0.025000
2 0.623437 0.564063 0.025000 0.025000
7 0.553125 0.603125 0.028125 0.028125
7 0.596875 0.603125 0.028125 0.028125
0 0.750000 0.778125 0.112500 0.131250
5 0.750000 0.739062 0.053125 0.053125
4 0.750000 0.785937 0.081250 0.059375
2 0.704688 0.792188 0.021875 0.021875
2 0.795312 0.792188 0.021875 0.021875
3 0.729688 0.829688 0.028125 0.028125
3 0.770312 0.829688 0.028125 0.028125
0 0.303125 0.433594 0.125000 0.139063
1 0.303125 0.392188 0.056250 0.056250
8 0.303125 0.442188 0.087500 0.065625
2 0.253125 0.448437 0.025000 0.025000
2 0.353125 0.448437 0.025000 0.025000
3 0.281250 0.489063 0.028125 0.028125
3 0.325000 0.489063 0.028125 0.028125
0 0.760938 0.542188 0.118750 0.131250
1 0.760938 0.503125 0.053125 0.053125
4 0.760938 0.550000 0.081250 0.059375
2 0.714063 0.556250 0.025000 0.025000
2 0.807813 0.556250 0.025000 0.025000
3 0.740625 0.593750 0.028125 0.028125
3 0.781250 0.593750 0.028125 0.028125
