0 0.534375 0.463281 0.090625 0.101562
1 0.534375 0.432812 0.040625 0.040625
4 0.534375 0.468750 0.062500 0.046875
2 0.498437 0.473438 0.018750 0.018750
2 0.570312 0.473438 0.018750 0.018750
3 0.518750 0.503125 0.021875 0.021875
3 0.550000 0.503125 0.021875 0.021875
0 0.717187 0.663281 0.087500 0.095312
5 0.717187 0.635938 0.040625 0.040625
4 0.717187 0.670312 0.059375 0.043750
6 0.682813 0.675000 0.018750 0.018750
6 0.751563 0.675000 0.018750 0.018750
3 0.701562 0.701562 0.018750 0.018750
3 0.732812 0.701562 0.018750 0.018750
0 0.348438 0.493750 0.106250 0.115625
1 0.348438 0.459375 0.046875 0.046875
4 0.348438 0.500000 0.075000 0.053125
2 0.306250 0.506250 0.021875 0.021875
2 0.390625 0.506250 0.021875 0.021875
3 0.329688 0.539062 0.025000 0.025000
3 0.367188 0.539062 0.025000 0.025000
0 0.310937 0.669531 0.121875 0.132812
1 0.310937 0.629687 0.053125 0.053125
8 0.310937 0.676562 0.084375 0.062500
6 0.262500 0.682813 0.025000 0.025000
6 0.359375 0.682813 0.025000 0.025000
3 0.289062 0.721875 0.028125 0.028125
3 0.332813 0.721875 0.028125 0.028125
