0 0.164062 0.480469 0.090625 0.101562
1 0.164062 0.450000 0.040625 0.040625
4 0.164062 0.485938 0.062500 0.046875
2 0.128125 0.490625 0.018750 0.018750
2 0.200000 0.490625 0.018750 0.018750
3 0.148438 0.520312 0.021875 0.021875
3 0.179688 0.520312 0.021875 0.021875
0 0.301563 0.248438 0.109375 0.121875
1 0.301563 0.212500 0.050000 0.050000
4 0.301563 0.256250 0.078125 0.056250
2 0.257812 0.262500 0.021875 0.021875
2 0.345313 0.262500 0.021875 0.021875
3 0.281250 0.296875 0.025000 0.025000
3 0.321875 0.296875 0.025000 0.025000
0 0.640625 0.482812 0.106250 0.115625
1 0.640625 0.448437 0.046875 0.046875
4 0.640625 0.489063 0.075000 0.053125
2 0.598437 0.495312 0.021875 0.021875
2 0.682813 0.495312 0.021875 0.021875
3 0.621875 0.528125 0.025000 0.025000
3 0.659375 0.528125 0.025000 0.025000
