0 0.459375 0.649219 0.090625 0.101562
1 0.459375 0.618750 0.040625 0.040625
8 0.459375 0.654687 0.062500 0.046875
2 0.423438 0.659375 0.018750 0.018750
2 0.495312 0.659375 0.018750 0.018750
3 0.443750 0.689063 0.021875 0.021875
3 0.475000 0.689063 0.021875 0.021875
0 0.359375 0.351562 0.103125 0.115625
5 0.359375 0.317188 0.046875 0.046875
4 0.359375 0.357812 0.071875 0.053125
2 0.318750 0.364063 0.021875 0.021875
2 0.400000 0.364063 0.021875 0.021875
3 0.340625 0.396875 0.025000 0.025000
3 0.378125 0.396875 0.025000 0.025000
0 0.142187 0.389844 0.087500 0.092188
5 0.142187 0.362500 0.037500 0.037500
4 0.142187 0.395313 0.059375 0.043750
2 0.107813 0.400000 0.018750 0.018750
2 0.176563 0.400000 0.018750 0.018750
3 0.126562 0.426563 0.018750 0.018750
3 0.157812 0.426563 0.018750 0.018750
0 0.740625 0.593750 0.118750 0.131250
1 0.740625 0.554688 0.053125 0.053125
4 0.740625 0.601562 0.081250 0.059375
2 0.693750 0.607812 0.025000 0.025000
2 0.787500 0.607812 0.025000 0.025000
3 0.720313 0.645312 0.028125 0.028125
3 0.760938 0.645312 0.028125 0.028125
0 0.218750 0.518750 0.106250 0.115625
5 0.218750 0.484375 0.046875 0.046875
8 0.218750 0.525000 0.075000 0.053125
2 0.176563 0.531250 0.021875 0.021875
2 0.260937 0.531250 0.021875 0.021875
3 0.200000 0.564063 0.025000 0.025000
3 0.237500 0.564063 0.025000 0.025000
