0 0.573438 0.248438 0.118750 0.131250
1 0.573438 0.209375 0.053125 0.053125
4 0.573438 0.256250 0.081250 0.059375
2 0.526563 0.262500 0.025000 0.025000
2 0.620313 0.262500 0.025000 0.025000
3 0.553125 0.300000 0.028125 0.028125
3 0.593750 0.300000 0.028125 0.028125
0 0.668750 0.802344 0.090625 0.101562
1 0.668750 0.771875 0.040625 0.040625
4 0.668750 0.807813 0.062500 0.046875
2 0.632812 0.812500 0.018750 0.018750
2 0.704688 0.812500 0.018750 0.018750
3 0.653125 0.842187 0.021875 0.021875
3 0.684375 0.842187 0.021875 0.021875
0 0.584375 0.544531 0.121875 0.132812
1 0.584375 0.504687 0.053125 0.053125
4 0.584375 0.551562 0.084375 0.062500
2 0.535937 0.557813 0.025000 0.025000
2 0.632812 0.557813 0.025000 0.025000
3 0.562500 0.596875 0.028125 0.028125
3 0.606250 0.596875 0.028125 0.028125
0 0.851562 0.429688 0.109375 0.121875
1 0.851562 0.393750 0.050000 0.050000
4 0.851562 0.437500 0.078125 0.056250
2 0.807813 0.443750 0.021875 0.021875
2 0.895312 0.443750 0.021875 0.021875
3 0.831250 0.478125 0.025000 0.025000
3 0.871875 0.478125 0.025000 0.025000
