0 0.625000 0.628906 0.093750 0.101562
1 0.625000 0.598437 0.040625 0.040625
8 0.625000 0.634375 0.065625 0.046875
2 0.587500 0.639062 0.018750 0.018750
2 0.662500 0.639062 0.018750 0.018750
7 0.607812 0.668750 0.021875 0.021875
7 0.642188 0.668750 0.021875 0.021875
0 0.176563 0.530469 0.087500 0.092188
1 0.176563 0.503125 0.037500 0.037500
4 0.176563 0.535937 0.059375 0.043750
2 0.142187 0.540625 0.018750 0.018750
2 0.210938 0.540625 0.018750 0.018750
3 0.160938 0.567187 0.018750 0.018750
3 0.192188 0.567187 0.018750 0.018750
0 0.435937 0.520312 0.103125 0.115625
1 0.435937 0.485938 0.046875 0.046875
4 0.435937 0.526563 0.071875 0.053125
2 0.395313 0.532813 0.021875 0.021875
2 0.476562 0.532813 0.021875 0.021875
3 0.417187 0.565625 0.025000 0.025000
3 0.454688 0.565625 0.025000 0.025000
0 0.489063 0.335938 0.109375 0.121875
1 0.489063 0.300000 0.050000 0.050000
4 0.489063 0.343750 0.078125 0.056250
2 0.445312 0.350000 0.021875 0.021875
2 0.532813 0.350000 0.021875 0.021875
3 0.468750 0.384375 0.025000 0.025000
3 0.509375 0.384375 0.025000 0.025000
0 0.743750 0.486719 0.125000 0.135937
1 0.743750 0.446875 0.056250 0.056250
4 0.743750 0.495312 0.087500 0.062500
2 0.693750 0.501563 0.025000 0.025000
2 0.793750 0.501563 0.025000 0.025000
3 0.721875 0.540625 0.028125 0.028125
3 0.765625 0.540625 0.028125 0.028125
