0 0.329688 0.360156 0.093750 0.101562
1 0.329688 0.329688 0.040625 0.040625
4 0.329688 0.365625 0.065625 0.046875
2 0.292187 0.370312 0.018750 0.018750
2 0.367188 0.370312 0.018750 0.018750
3 0.312500 0.400000 0.021875 0.021875
3 0.346875 0.400000 0.021875 0.021875
0 0.587500 0.386719 0.121875 0.132812
1 0.587500 0.346875 0.053125 0.053125
4 0.587500 0.393750 0.084375 0.062500
2 0.539062 0.400000 0.025000 0.025000
2 0.635938 0.400000 0.025000 0.025000
3 0.565625 0.439063 0.028125 0.028125
3 0.609375 0.439063 0.028125 0.028125
0 0.459375 0.449219 0.118750 0.129688
1 0.459375 0.410938 0.053125 0.053125
4 0.459375 0.456250 0.081250 0.059375
2 0.412500 0.462500 0.025000 0.025000
2 0.506250 0.462500 0.025000 0.025000
3 0.437500 0.500000 0.028125 0.028125
3 0.481250 0.500000 0.028125 0.028125
0 0.656250 0.749219 0.125000 0.139063
1 0.656250 0.707812 0.056250 0.056250
4 0.656250 0.757812 0.087500 0.065625
2 0.606250 0.764062 0.025000 0.025000
2 0.706250 0.764062 0.025000 0.025000
3 0.634375 0.804688 0.028125 0.028125
3 0.678125 0.804688 0.028125 0.028125
