0 0.731250 0.647656 0.121875 0.135937
5 0.731250 0.607812 0.056250 0.056250
4 0.731250 0.656250 0.084375 0.062500
2 0.682813 0.662500 0.025000 0.025000
2 0.779687 0.662500 0.025000 0.025000
3 0.709375 0.701562 0.028125 0.028125
3 0.753125 0.701562 0.028125 0.028125
0 0.520312 0.507031 0.096875 0.107813
1 0.520312 0.475000 0.043750 0.043750
4 0.520312 0.514062 0.068750 0.050000
2 0.481250 0.518750 0.018750 0.018750
2 0.559375 0.518750 0.018750 0.018750
3 0.503125 0.550000 0.021875 0.021875
3 0.537500 0.550000 0.021875 0.021875
0 0.278125 0.542188 0.103125 0.115625
1 0.278125 0.507812 0.046875 0.046875
4 0.278125 0.548438 0.071875 0.053125
2 0.237500 0.554688 0.021875 0.021875
2 0.318750 0.554688 0.021875 0.021875
3 0.259375 0.587500 0.025000 0.025000
3 0.296875 0.587500 0.025000 0.025000
