0 0.321875 0.260937 0.109375 0.121875
1 0.321875 0.225000 0.050000 0.050000
4 0.321875 0.268750 0.078125 0.056250
2 0.278125 0.275000 0.021875 0.021875
2 0.365625 0.275000 0.021875 0.021875
3 0.301563 0.309375 0.025000 0.025000
3 0.342187 0.309375 0.025000 0.025000
0 0.512500 0.450781 0.096875 0.107813
1 0.512500 0.418750 0.043750 0.043750
8 0.512500 0.457813 0.068750 0.050000
6 0.473438 0.462500 0.018750 0.018750
6 0.551562 0.462500 0.018750 0.018750
7 0.495312 0.493750 0.021875 0.021875
7 0.529687 0.493750 0.021875 0.021875
0 0.551562 0.725781 0.096875 0.107813
1 0.551562 0.693750 0.043750 0.043750
4 0.551562 0.732812 0.068750 0.050000
2 0.512500 0.737500 0.018750 0.018750
2 0.590625 0.737500 0.018750 0.018750
3 0.534375 0.768750 0.021875 0.021875
3 0.568750 0.768750 0.021875 0.021875
