0 0.467187 0.700000 0.103125 0.115625
1 0.467187 0.665625 0.046875 0.046875
4 0.467187 0.706250 0.071875 0.053125
2 0.426563 0.712500 0.021875 0.021875
2 0.507812 0.712500 0.021875 0.021875
3 0.448437 0.745313 0.025000 0.025000
3 0.485938 0.745313 0.025000 0.025000
0 0.445312 0.397656 0.090625 0.101562
1 0.445312 0.367188 0.040625 0.040625
4 0.445312 0.403125 0.062500 0.046875
6 0.409375 0.407813 0.018750 0.018750
6 0.481250 0.407813 0.018750 0.018750
3 0.429688 0.437500 0.021875 0.021875
3 0.460938 0.437500 0.021875 0.021875
0 0.264062 0.579688 0.106250 0.121875
1 0.264062 0.543750 0.050000 0.050000
4 0.264062 0.587500 0.075000 0.056250
2 0.221875 0.593750 0.021875 0.021875
2 0.306250 0.593750 0.021875 0.021875
3 0.245312 0.628125 0.025000 0.025000
3 0.282813 0.628125 0.025000 0.025000
0 0.734375 0.680469 0.096875 0.107813
1 0.734375 0.648438 0.043750 0.043750
4 0.734375 0.687500 0.068750 0.050000
2 0.695312 0.692187 0.018750 0.018750
2 0.773438 0.692187 0.018750 0.018750
3 0.717187 0.723437 0.021875 0.021875
3 0.751563 0.723437 0.021875 0.021875
0 0.665625 0.328125 0.118750 0.131250
1 0.665625 0.289062 0.053125 0.053125
4 0.665625 0.335938 0.081250 0.059375
2 0.618750 0.342187 0.025000 0.025000
2 0.712500 0.342187 0.025000 0.025000
3 0.645312 0.379688 0.028125 0.028125
3 0.685937 0.379688 0.028125 0.028125
