0 0.646875 0.614062 0.106250 0.121875
1 0.646875 0.578125 0.050000 0.050000
4 0.646875 0.621875 0.075000 0.056250
2 0.604688 0.628125 0.021875 0.021875
2 0.689063 0.628125 0.021875 0.021875
3 0.628125 0.662500 0.025000 0.025000
3 0.665625 0.662500 0.025000 0.025000
0 0.201563 0.262500 0.109375 0.125000
1 0.201563 0.225000 0.050000 0.050000
4 0.201563 0.270313 0.078125 0.059375
6 0.157812 0.276562 0.021875 0.021875
6 0.245312 0.276562 0.021875 0.021875
3 0.181250 0.312500 0.025000 0.025000
3 0.221875 0.312500 0.025000 0.025000
0 0.846875 0.438281 0.093750 0.101562
1 0.846875 0.407813 0.040625 0.040625
4 0.846875 0.443750 0.065625 0.046875
2 0.809375 0.448437 0.018750 0.018750
2 0.884375 0.448437 0.018750 0.018750
3 0.829688 0.478125 0.021875 0.021875
3 0.864062 0.478125 0.021875 0.021875
0 0.275000 0.432031 0.090625 0.095312
1 0.275000 0.404687 0.040625 0.040625
4 0.275000 0.439063 0.062500 0.043750
2 0.239063 0.443750 0.018750 0.018750
2 0.310937 0.443750 0.018750 0.018750
7 0.259375 0.470313 0.018750 0.018750
7 0.290625 0.470313 0.018750 0.018750
0 0.637500 0.321875 0.103125 0.115625
5 0.637500 0.287500 0.046875 0.046875
8 0.637500 0.328125 0.071875 0.053125
2 0.596875 0.334375 0.021875 0.021875
2 0.678125 0.334375 0.021875 0.021875
7 0.618750 0.367188 0.025000 0.025000
7 0.656250 0.367188 0.025000 0.025000
