0 0.792188 0.550000 0.109375 0.121875
1 0.792188 0.514062 0.050000 0.050000
4 0.792188 0.557813 0.078125 0.056250
2 0.748437 0.564063 0.021875 0.021875
2 0.835938 0.564063 0.021875 0.021875
3 0.771875 0.598437 0.025000 0.025000
3 0.812500 0.598437 0.025000 0.025000
0 0.298438 0.400781 0.125000 0.135937
1 0.298438 0.360938 0.056250 0.056250
8 0.298438 0.409375 0.087500 0.062500
2 0.248438 0.415625 0.025000 0.025000
2 0.348438 0.415625 0.025000 0.025000
3 0.276562 0.454688 0.028125 0.028125
3 0.320312 0.454688 0.028125 0.028125
0 0.551562 0.575000 0.118750 0.131250
1 0.551562 0.535937 0.053125 0.053125
4 0.551562 0.582812 0.081250 0.059375
2 0.504687 0.589063 0.025000 0.025000
2 0.598437 0.589063 0.025000 0.025000
3 0.531250 0.626563 0.028125 0.028125
3 0.571875 0.626563 0.028125 0.028125
0 0.364063 0.688281 0.096875 0.107813
5 0.364063 0.656250 0.043750 0.043750
8 0.364063 0.695312 0.068750 0.050000
2 0.325000 0.700000 0.018750 0.018750
2 0.403125 0.700000 0.018750 0.018750
3 0.346875 0.731250 0.021875 0.021875
3 0.381250 0.731250 0.021875 0.021875
0 0.140625 0.265625 0.112500 0.131250
1 0.140625 0.226562 0.053125 0.053125
8 0.140625 0.273438 0.081250 0.059375
2 0.095312 0.279687 0.021875 0.021875
2 0.185938 0.279687 0.021875 0.021875
3 0.120313 0.317188 0.028125 0.028125
3 0.160938 0.317188 0.028125 0.028125
