0 0.426563 0.647656 0.118750 0.129688
1 0.426563 0.609375 0.053125 0.053125
4 0.426563 0.654687 0.081250 0.059375
6 0.379688 0.660937 0.025000 0.025000
6 0.473438 0.660937 0.025000 0.025000
7 0.404687 0.698438 0.028125 0.028125
7 0.448437 0.698438 0.028125 0.028125
0 0.573438 0.372656 0.087500 0.092188
1 0.573438 0.345313 0.037500 0.037500
4 0.573438 0.378125 0.059375 0.043750
2 0.539062 0.382812 0.018750 0.018750
2 0.607812 0.382812 0.018750 0.018750
3 0.557813 0.409375 0.018750 0.018750
3 0.589063 0.409375 0.018750 0.018750
0 0.596875 0.528906 0.121875 0.132812
1 0.596875 0.489063 0.053125 0.053125
4 0.596875 0.535937 0.084375 0.062500
2 0.548438 0.542188 0.025000 0.025000
2 0.645312 0.542188 0.025000 0.025000
3 0.575000 0.581250 0.028125 0.028125
3 0.618750 0.581250 0.028125 0.028125
