0 0.289062 0.779687 0.109375 0.121875
1 0.289062 0.743750 0.050000 0.050000
8 0.289062 0.787500 0.078125 0.056250
2 0.245312 0.793750 0.021875 0.021875
2 0.332813 0.793750 0.021875 0.021875
3 0.268750 0.828125 0.025000 0.025000
3 0.309375 0.828125 0.025000 0.025000
0 0.182812 0.375000 0.109375 0.125000
1 0.182812 0.337500 0.050000 0.050000
4 0.182812 0.382812 0.078125 0.059375
2 0.139063 0.389062 0.021875 0.021875
2 0.226562 0.389062 0.021875 0.021875
3 0.162500 0.425000 0.025000 0.025000
3 0.203125 0.425000 0.025000 0.025000
0 0.684375 0.350781 0.081250 0.092188
1 0.684375 0.323437 0.037500 0.037500
4 0.684375 0.356250 0.059375 0.043750
2 0.651563 0.360938 0.015625 0.015625
2 0.717187 0.360938 0.015625 0.015625
3 0.668750 0.387500 0.018750 0.018750
3 0.700000 0.387500 0.018750 0.018750
0 0.470313 0.739844 0.096875 0.107813
1 0.470313 0.707812 0.043750 0.043750
4 0.470313 0.746875 0.068750 0.050000
2 0.431250 0.751563 0.018750 0.018750
2 0.509375 0.751563 0.018750 0.018750
3 0.453125 0.782813 0.021875 0.021875
3 0.487500 0.782813 0.021875 0.021875
