0 0.368750 0.271094 0.090625 0.101562
1 0.368750 0.240625 0.040625 0.040625
4 0.368750 0.276562 0.062500 0.046875
2 0.332813 0.281250 0.018750 0.018750
2 0.404687 0.281250 0.018750 0.018750
3 0.353125 0.310937 0.021875 0.021875
3 0.384375 0.310937 0.021875 0.021875
0 0.762500 0.595313 0.109375 0.121875
5 0.762500 0.559375 0.050000 0.050000
4 0.762500 0.603125 0.078125 0.056250
2 0.718750 0.609375 0.021875 0.021875
2 0.806250 0.609375 0.021875 0.021875
3 0.742188 0.643750 0.025000 0.025000
3 0.782813 0.643750 0.025000 0.025000
0 0.657813 0.799219 0.121875 0.132812
1 0.657813 0.759375 0.053125 0.053125
4 0.657813 0.806250 0.084375 0.062500
2 0.609375 0.812500 0.025000 0.025000
2 0.706250 0.812500 0.025000 0.025000
3 0.635938 0.851562 0.028125 0.028125
3 0.679688 0.851562 0.028125 0.028125
0 0.607812 0.376563 0.106250 0.115625
1 0.607812 0.342187 0.046875 0.046875
4 0.607812 0.382812 0.075000 0.053125
2 0.565625 0.389062 0.021875 0.021875
2 0.650000 0.389062 0.021875 0.021875
3 0.589063 0.421875 0.025000 0.025000
3 0.626563 0.421875 0.025000 0.025000
0 0.220312 0.743750 0.118750 0.131250
1 0.220312 0.704688 0.053125 0.053125
4 0.220312 0.751563 0.081250 0.059375
6 0.173437 0.757812 0.025000 0.025000
6 0.267188 0.757812 0.025000 0.025000
3 0.200000 0.795312 0.028125 0.028125
3 0.240625 0.795312 0.028125 0.028125
