0 0.556250 0.593750 0.109375 0.125000
1 0.556250 0.556250 0.050000 0.050000
4 0.556250 0.601562 0.078125 0.059375
2 0.512500 0.607812 0.021875 0.021875
2 0.600000 0.607812 0.021875 0.021875
3 0.535937 0.643750 0.025000 0.025000
3 0.576562 0.643750 0.025000 0.025000
0 0.850000 0.443750 0.106250 0.121875
1 0.850000 0.407813 0.050000 0.050000
4 0.850000 0.451562 0.075000 0.056250
6 0.807813 0.457813 0.021875 0.021875
6 0.892188 0.457813 0.021875 0.021875
3 0.831250 0.492188 0.025000 0.025000
3 0.868750 0.492188 0.025000 0.025000
0 0.529687 0.335938 0.106250 0.121875
1 0.529687 0.300000 0.050000 0.050000
8 0.529687 0.343750 0.075000 0.056250
2 0.487500 0.350000 0.021875 0.021875
2 0.571875 0.350000 0.021875 0.021875
3 0.509375 0.384375 0.025000 0.025000
3 0.550000 0.384375 0.025000 0.025000
0 0.226562 0.342187 0.103125 0.115625
1 0.226562 0.307812 0.046875 0.046875
4 0.226562 0.348438 0.071875 0.053125
2 0.185938 0.354687 0.021875 0.021875
2 0.267188 0.354687 0.021875 0.021875
3 0.207813 0.387500 0.025000 0.025000
3 0.245312 0.387500 0.025000 0.025000
0 0.442188 0.714844 0.093750 0.101562
1 0.442188 0.684375 0.040625 0.040625
4 0.442188 0.720313 0.065625 0.046875
2 0.404687 0.725000 0.018750 0.018750
2 0.479687 0.725000 0.018750 0.018750
7 0.425000 0.754687 0.021875 0.021875
7 0.459375 0.754687 0.021875 0.021875
0 0.178125 0.784375 0.118750 0.131250
1 0.178125 0.745313 0.053125 0.053125
4 0.178125 0.792188 0.081250 0.059375
2 0.131250 0.798438 0.025000 0.025000
2 0.225000 0.798438 0.025000 0.025000
7 0.157812 0.835938 0.028125 0.028125
7 0.198437 0.835938 0.028125 0.028125
