0 0.796875 0.318750 0.118750 0.131250
1 0.796875 0.279687 0.053125 0.053125
4 0.796875 0.326562 0.081250 0.059375
2 0.750000 0.332813 0.025000 0.025000
2 0.843750 0.332813 0.025000 0.025000
3 0.776563 0.370312 0.028125 0.028125
3 0.817187 0.370312 0.028125 0.028125
0 0.785937 0.636719 0.090625 0.101562
1 0.785937 0.606250 0.040625 0.040625
4 0.785937 0.642188 0.062500 0.046875
2 0.750000 0.646875 0.018750 0.018750
2 0.821875 0.646875 0.018750 0.018750
3 0.770312 0.676562 0.021875 0.021875
3 0.801562 0.676562 0.021875 0.021875
0 0.309375 0.457813 0.109375 0.128125
1 0.309375 0.418750 0.050000 0.050000
4 0.309375 0.464062 0.078125 0.059375
6 0.265625 0.470313 0.021875 0.021875
6 0.353125 0.470313 0.021875 0.021875
3 0.289062 0.507812 0.028125 0.028125
3 0.329688 0.507812 0.028125 0.028125
0 0.232813 0.680469 0.096875 0.107813
1 0.232813 0.648438 0.043750 0.043750
4 0.232813 0.687500 0.068750 0.050000
2 0.193750 0.692187 0.018750 0.018750
2 0.271875 0.692187 0.018750 0.018750
3 0.215625 0.723437 0.021875 0.021875
3 0.250000 0.723437 0.021875 0.021875
0 0.546875 0.550000 0.109375 0.128125
1 0.546875 0.510938 0.050000 0.050000
4 0.546875 0.556250 0.078125 0.059375
2 0.503125 0.562500 0.021875 0.021875
2 0.590625 0.562500 0.021875 0.021875
3 0.526563 0.600000 0.028125 0.028125
3 0.567187 0.600000 0.028125 0.028125
