0 0.685937 0.806250 0.106250 0.115625
5 0.685937 0.771875 0.046875 0.046875
4 0.685937 0.812500 0.075000 0.053125
2 0.643750 0.818750 0.021875 0.021875
2 0.728125 0.818750 0.021875 0.021875
3 0.667188 0.851562 0.025000 0.025000
3 0.704688 0.851562 0.025000 0.025000
0 0.457813 0.417187 0.103125 0.115625
5 0.457813 0.382812 0.046875 0.046875
8 0.457813 0.423438 0.071875 0.053125
6 0.417187 0.429688 0.021875 0.021875
6 0.498437 0.429688 0.021875 0.021875
3 0.439063 0.462500 0.025000 0.025000
3 0.476562 0.462500 0.025000 0.025000
0 0.810937 0.444531 0.093750 0.104688
1 0.810937 0.414062 0.043750 0.043750
8 0.810937 0.451562 0.065625 0.046875
2 0.773438 0.456250 0.018750 0.018750
2 0.848437 0.456250 0.018750 0.018750
3 0.793750 0.485938 0.021875 0.021875
3 0.828125 0.485938 0.021875 0.021875
0 0.728125 0.567969 0.087500 0.092188
5 0.728125 0.540625 0.037500 0.037500
8 0.728125 0.573438 0.059375 0.043750
6 0.693750 0.578125 0.018750 0.018750
6 0.762500 0.578125 0.018750 0.018750
3 0.712500 0.604688 0.018750 0.018750
3 0.743750 0.604688 0.018750 0.018750
0 0.276562 0.458594 0.125000 0.135937
1 0.276562 0.418750 0.056250 0.056250
4 0.276562 0.467187 0.087500 0.062500
2 0.226562 0.473438 0.025000 0.025000
2 0.326562 0.473438 0.025000 0.025000
7 0.254688 0.512500 0.028125 0.028125
7 0.298438 0.512500 0.028125 0.028125
0 0.162500 0.311719 0.087500 0.092188
1 0.162500 0.284375 0.037500 0.037500
8 0.162500 0.317188 0.059375 0.043750
6 0.128125 0.321875 0.018750 0.018750
6 0.196875 0.321875 0.018750 0.018750
3 0.146875 0.348438 0.018750 0.018750
3 0.178125 0.348438 0.018750 0.018750
