0 0.259375 0.374219 0.125000 0.139063
5 0.259375 0.332813 0.056250 0.056250
4 0.259375 0.382812 0.087500 0.065625
2 0.209375 0.389062 0.025000 0.025000
2 0.309375 0.389062 0.025000 0.025000
3 0.237500 0.429688 0.028125 0.028125
3 0.281250 0.429688 0.028125 0.028125
0 0.478125 0.650000 0.112500 0.128125
1 0.478125 0.610938 0.050000 0.050000
4 0.478125 0.656250 0.081250 0.059375
2 0.432812 0.662500 0.021875 0.021875
2 0.523438 0.662500 0.021875 0.021875
7 0.457813 0.700000 0.028125 0.028125
7 0.498437 0.700000 0.028125 0.028125
0 0.301563 0.775000 0.103125 0.115625
1 0.301563 0.740625 0.046875 0.046875
4 0.301563 0.781250 0.071875 0.053125
6 0.260937 0.787500 0.021875 0.021875
6 0.342187 0.787500 0.021875 0.021875
3 0.282813 0.820312 0.025000 0.025000
3 0.320312 0.820312 0.025000 0.025000
0 0.437500 0.372656 0.121875 0.132812
1 0.437500 0.332813 0.053125 0.053125
4 0.437500 0.379688 0.084375 0.062500
2 0.389062 0.385937 0.025000 0.025000
2 0.485938 0.385937 0.025000 0.025000
3 0.415625 0.425000 0.028125 0.028125
3 0.459375 0.425000 0.028125 0.028125
0 0.698438 0.371094 0.121875 0.132812
5 0.698438 0.331250 0.053125 0.053125
4 0.698438 0.378125 0.084375 0.062500
6 0.650000 0.384375 0.025000 0.025000
6 0.746875 0.384375 0.025000 0.025000
3 0.676562 0.423438 0.028125 0.028125
3 0.720313 0.423438 0.028125 0.028125
