0 0.831250 0.250000 0.103125 0.115625
1 0.831250 0.215625 0.046875 0.046875
4 0.831250 0.256250 0.071875 0.053125
2 0.790625 0.262500 0.021875 0.021875
2 0.871875 0.262500 0.021875 0.021875
3 0.812500 0.295312 0.025000 0.025000
3 0.850000 0.295312 0.025000 0.025000
0 0.225000 0.414844 0.096875 0.107813
1 0.225000 0.382812 0.043750 0.043750
4 0.225000 0.421875 0.068750 0.050000
2 0.185938 0.426563 0.018750 0.018750
2 0.264062 0.426563 0.018750 0.018750
3 0.207813 0.457813 0.021875 0.021875
3 0.242188 0.457813 0.021875 0.021875
0 0.532813 0.721875 0.103125 0.115625
1 0.532813 0.687500 0.046875 0.046875
4 0.532813 0.728125 0.071875 0.053125
2 0.492188 0.734375 0.021875 0.021875
2 0.573438 0.734375 0.021875 0.021875
3 0.514062 0.767188 0.025000 0.025000
3 0.551562 0.767188 0.025000 0.025000
0 0.164062 0.663281 0.121875 0.132812
1 0.164062 0.623437 0.053125 0.053125
4 0.164062 0.670312 0.084375 0.062500
2 0.115625 0.676562 0.025000 0.025000
2 0.212500 0.676562 0.025000 0.025000
3 0.142187 0.715625 0.028125 0.028125
3 0.185938 0.715625 0.028125 0.028125
0 0.457813 0.326562 0.103125 0.115625
1 0.457813 0.292187 0.046875 0.046875
4 0.457813 0.332813 0.071875 0.053125
6 0.417187 0.339062 0.021875 0.021875
6 0.498437 0.339062 0.021875 0.021875
3 0.439063 0.371875 0.025000 0.025000
3 0.476562 0.371875 0.025000 0.025000
