0 0.260937 0.532031 0.096875 0.107813
1 0.260937 0.500000 0.043750 0.043750
4 0.260937 0.539062 0.068750 0.050000
2 0.221875 0.543750 0.018750 0.018750
2 0.300000 0.543750 0.018750 0.018750
3 0.243750 0.575000 0.021875 0.021875
3 0.278125 0.575000 0.021875 0.021875
0 0.646875 0.725781 0.125000 0.139063
1 0.646875 0.684375 0.056250 0.056250
8 0.646875 0.734375 0.087500 0.065625
6 0.596875 0.740625 0.025000 0.025000
6 0.696875 0.740625 0.025000 0.025000
3 0.625000 0.781250 0.028125 0.028125
3 0.668750 0.781250 0.028125 0.028125
0 0.609375 0.325000 0.103125 0.115625
1 0.609375 0.290625 0.046875 0.046875
4 0.609375 0.331250 0.071875 0.053125
2 0.568750 0.337500 0.021875 0.021875
2 0.650000 0.337500 0.021875 0.021875
3 0.590625 0.370312 0.025000 0.025000
3 0.628125 0.370312 0.025000 0.025000
0 0.804688 0.485156 0.121875 0.135937
1 0.804688 0.445312 0.056250 0.056250
4 0.804688 0.493750 0.084375 0.062500
2 0.756250 0.500000 0.025000 0.025000
2 0.853125 0.500000 0.025000 0.025000
3 0.782813 0.539062 0.028125 0.028125
3 0.826562 0.539062 0.028125 0.028125
0 0.468750 0.602344 0.093750 0.107813
1 0.468750 0.570312 0.043750 0.043750
4 0.468750 0.609375 0.065625 0.050000
2 0.431250 0.614062 0.018750 0.018750
2 0.506250 0.614062 0.018750 0.018750
3 0.451562 0.645312 0.021875 0.021875
3 0.485938 0.645312 0.021875 0.021875
