0 0.500000 0.488281 0.090625 0.098437
1 0.500000 0.459375 0.040625 0.040625
4 0.500000 0.493750 0.062500 0.043750
2 0.464062 0.498437 0.018750 0.018750
2 0.535937 0.498437 0.018750 0.018750
3 0.484375 0.526563 0.021875 0.021875
3 0.515625 0.526563 0.021875 0.021875
0 0.237500 0.622656 0.125000 0.135937
1 0.237500 0.582812 0.056250 0.056250
4 0.237500 0.631250 0.087500 0.062500
2 0.187500 0.637500 0.025000 0.025000
2 0.287500 0.637500 0.025000 0.025000
3 0.215625 0.676562 0.028125 0.028125
3 0.259375 0.676562 0.028125 0.028125
0 0.512500 0.682031 0.121875 0.135937
1 0.512500 0.642188 0.056250 0.056250
4 0.512500 0.690625 0.084375 0.062500
2 0.464062 0.696875 0.025000 0.025000
2 0.560937 0.696875 0.025000 0.025000
3 0.490625 0.735938 0.028125 0.028125
3 0.534375 0.735938 0.028125 0.028125
0 0.634375 0.364844 0.093750 0.101562
1 0.634375 0.334375 0.040625 0.040625
4 0.634375 0.370312 0.065625 0.046875
2 0.596875 0.375000 0.018750 0.018750
2 0.671875 0.375000 0.018750 0.018750
3 0.618750 0.404687 0.021875 0.021875
3 0.650000 0.404687 0.021875 0.021875
0 0.682813 0.795312 0.103125 0.115625
1 0.682813 0.760938 0.046875 0.046875
4 0.682813 0.801562 0.071875 0.053125
2 0.642188 0.807813 0.021875 0.021875
2 0.723437 0.807813 0.021875 0.021875
7 0.664062 0.840625 0.025000 0.025000
7 0.701562 0.840625 0.025000 0.025000
