0 0.768750 0.642969 0.093750 0.101562
1 0.768750 0.612500 0.040625 0.040625
4 0.768750 0.648438 0.065625 0.046875
2 0.731250 0.653125 0.018750 0.018750
2 0.806250 0.653125 0.018750 0.018750
3 0.753125 0.682813 0.021875 0.021875
3 0.784375 0.682813 0.021875 0.021875
0 0.257812 0.481250 0.106250 0.115625
1 0.257812 0.446875 0.046875 0.046875
4 0.257812 0.487500 0.075000 0.053125
2 0.215625 0.493750 0.021875 0.021875
2 0.300000 0.493750 0.021875 0.021875
3 0.239063 0.526563 0.025000 0.025000
3 0.276562 0.526563 0.025000 0.025000
0 0.604688 0.599219 0.081250 0.092188
1 0.604688 0.571875 0.037500 0.037500
4 0.604688 0.604688 0.059375 0.043750
2 0.571875 0.609375 0.015625 0.015625
2 0.637500 0.609375 0.015625 0.015625
3 0.589063 0.635938 0.018750 0.018750
3 0.620313 0.635938 0.018750 0.018750
0 0.578125 0.298438 0.109375 0.121875
1 0.578125 0.262500 0.050000 0.050000
4 0.578125 0.306250 0.078125 0.056250
2 0.534375 0.312500 0.021875 0.021875
2 0.621875 0.312500 0.021875 0.021875
3 0.557813 0.346875 0.025000 0.025000
3 0.598437 0.346875 0.025000 0.025000
0 0.854688 0.775000 0.109375 0.128125
1 0.854688 0.735938 0.050000 0.050000
4 0.854688 0.781250 0.078125 0.059375
2 0.810937 0.787500 0.021875 0.021875
2 0.898438 0.787500 0.021875 0.021875
3 0.834375 0.825000 0.028125 0.028125
3 0.875000 0.825000 0.028125 0.028125
0 0.684375 0.791406 0.087500 0.095312
1 0.684375 0.764062 0.040625 0.040625
8 0.684375 0.798438 0.059375 0.043750
2 0.650000 0.803125 0.018750 0.018750
2 0.718750 0.803125 0.018750 0.018750
7 0.668750 0.829688 0.018750 0.018750
7 0.700000 0.829688 0.018750 0.018750
