0 0.231250 0.375781 0.121875 0.129688
1 0.231250 0.337500 0.053125 0.053125
4 0.231250 0.382812 0.084375 0.059375
2 0.182812 0.389062 0.025000 0.025000
2 0.279687 0.389062 0.025000 0.025000
3 0.209375 0.426563 0.028125 0.028125
3 0.253125 0.426563 0.028125 0.028125
0 0.185938 0.664844 0.093750 0.107813
1 0.185938 0.632812 0.043750 0.043750
4 0.185938 0.671875 0.065625 0.050000
2 0.148438 0.676562 0.018750 0.018750
2 0.223438 0.676562 0.018750 0.018750
7 0.168750 0.707812 0.021875 0.021875
7 0.203125 0.707812 0.021875 0.021875
0 0.767188 0.414844 0.118750 0.129688
5 0.767188 0.376563 0.053125 0.053125
4 0.767188 0.421875 0.081250 0.059375
2 0.720313 0.428125 0.025000 0.025000
2 0.814063 0.428125 0.025000 0.025000
3 0.745313 0.465625 0.028125 0.028125
3 0.789062 0.465625 0.028125 0.028125
