0 0.564063 0.325000 0.103125 0.115625
1 0.564063 0.290625 0.046875 0.046875
4 0.564063 0.331250 0.071875 0.053125
2 0.523438 0.337500 0.021875 0.021875
2 0.604688 0.337500 0.021875 0.021875
3 0.545312 0.370312 0.025000 0.025000
3 0.582812 0.370312 0.025000 0.025000
0 0.590625 0.521094 0.096875 0.107813
1 0.590625 0.489063 0.043750 0.043750
4 0.590625 0.528125 0.068750 0.050000
6 0.551562 0.532813 0.018750 0.018750
6 0.629687 0.532813 0.018750 0.018750
3 0.573438 0.564063 0.021875 0.021875
3 0.607812 0.564063 0.021875 0.021875
0 0.784375 0.400000 0.106250 0.121875
1 0.784375 0.364063 0.050000 0.050000
4 0.784375 0.407813 0.075000 0.056250
2 0.742188 0.414062 0.021875 0.021875
2 0.826562 0.414062 0.021875 0.021875
7 0.765625 0.448437 0.025000 0.025000
7 0.803125 0.448437 0.025000 0.025000
0 0.784375 0.557813 0.109375 0.121875
1 0.784375 0.521875 0.050000 0.050000
8 0.784375 0.565625 0.078125 0.056250
2 0.740625 0.571875 0.021875 0.021875
2 0.828125 0.571875 0.021875 0.021875
3 0.764062 0.606250 0.025000 0.025000
3 0.804688 0.606250 0.025000 0.025000
