0 0.248438 0.599219 0.093750 0.107813
5 0.248438 0.567187 0.043750 0.043750
4 0.248438 0.606250 0.065625 0.050000
2 0.210938 0.610938 0.018750 0.018750
2 0.285938 0.610938 0.018750 0.018750
3 0.231250 0.642188 0.021875 0.021875
3 0.265625 0.642188 0.021875 0.021875
0 0.646875 0.261719 0.096875 0.107813
5 0.646875 0.229687 0.043750 0.043750
4 0.646875 0.268750 0.068750 0.050000
2 0.607812 0.273438 0.018750 0.018750
2 0.685937 0.273438 0.018750 0.018750
3 0.629687 0.304688 0.021875 0.021875
3 0.664062 0.304688 0.021875 0.021875
0 0.346875 0.255469 0.093750 0.101562
1 0.346875 0.225000 0.040625 0.040625
4 0.346875 0.260937 0.065625 0.046875
2 0.309375 0.265625 0.018750 0.018750
2 0.384375 0.265625 0.018750 0.018750
7 0.329688 0.295312 0.021875 0.021875
7 0.364063 0.295312 0.021875 0.021875
0 0.684375 0.796094 0.093750 0.101562
1 0.684375 0.765625 0.040625 0.040625
4 0.684375 0.801562 0.065625 0.046875
2 0.646875 0.806250 0.018750 0.018750
2 0.721875 0.806250 0.018750 0.018750
7 0.667188 0.835938 0.021875 0.021875
7 0.701562 0.835938 0.021875 0.021875
0 0.796875 0.434375 0.109375 0.121875
1 0.796875 0.398438 0.050000 0.050000
4 0.796875 0.442188 0.078125 0.056250
2 0.753125 0.448437 0.021875 0.021875
2 0.840625 0.448437 0.021875 0.021875
3 0.776563 0.482812 0.025000 0.025000
3 0.817187 0.482812 0.025000 0.025000
