0 0.376563 0.405469 0.096875 0.107813
1 0.376563 0.373437 0.043750 0.043750
4 0.376563 0.412500 0.068750 0.050000
6 0.337500 0.417187 0.018750 0.018750
6 0.415625 0.417187 0.018750 0.018750
3 0.359375 0.448437 0.021875 0.021875
3 0.393750 0.448437 0.021875 0.021875
0 0.798438 0.260156 0.093750 0.101562
1 0.798438 0.229687 0.040625 0.040625
8 0.798438 0.265625 0.065625 0.046875
2 0.760938 0.270313 0.018750 0.018750
2 0.835938 0.270313 0.018750 0.018750
3 0.781250 0.300000 0.021875 0.021875
3 0.815625 0.300000 0.021875 0.021875
0 0.596875 0.558594 0.096875 0.107813
1 0.596875 0.526563 0.043750 0.043750
4 0.596875 0.565625 0.068750 0.050000
2 0.557813 0.570312 0.018750 0.018750
2 0.635938 0.570312 0.018750 0.018750
3 0.579688 0.601562 0.021875 0.021875
3 0.614062 0.601562 0.021875 0.021875
