0 0.375000 0.685937 0.118750 0.131250
1 0.375000 0.646875 0.053125 0.053125
4 0.375000 0.693750 0.081250 0.059375
2 0.328125 0.700000 0.025000 0.025000
2 0.421875 0.700000 0.025000 0.025000
3 0.354687 0.737500 0.028125 0.028125
3 0.395313 0.737500 0.028125 0.028125
0 0.231250 0.467969 0.093750 0.107813
1 0.231250 0.435937 0.043750 0.043750
4 0.231250 0.475000 0.065625 0.050000
2 0.193750 0.479687 0.018750 0.018750
2 0.268750 0.479687 0.018750 0.018750
3 0.214062 0.510938 0.021875 0.021875
3 0.248438 0.510938 0.021875 0.021875
0 0.439063 0.345313 0.109375 0.128125
1 0.439063 0.306250 0.050000 0.050000
4 0.439063 0.351562 0.078125 0.059375
2 0.395313 0.357812 0.021875 0.021875
2 0.482812 0.357812 0.021875 0.021875
3 0.418750 0.395313 0.028125 0.028125
3 0.459375 0.395313 0.028125 0.028125
0 0.801562 0.575000 0.103125 0.115625
1 0.801562 0.540625 0.046875 0.046875
8 0.801562 0.581250 0.071875 0.053125
2 0.760938 0.587500 0.021875 0.021875
2 0.842187 0.587500 0.021875 0.021875
3 0.782813 0.620313 0.025000 0.025000
3 0.820312 0.620313 0.025000 0.025000
0 0.584375 0.784375 0.112500 0.128125
5 0.584375 0.745313 0.050000 0.050000
4 0.584375 0.790625 0.081250 0.059375
2 0.539062 0.796875 0.021875 0.021875
2 0.629687 0.796875 0.021875 0.021875
3 0.564063 0.834375 0.028125 0.028125
3 0.604688 0.834375 0.028125 0.028125
