0 0.623437 0.742969 0.090625 0.101562
1 0.623437 0.712500 0.040625 0.040625
8 0.623437 0.748437 0.062500 0.046875
6 0.587500 0.753125 0.018750 0.018750
6 0.659375 0.753125 0.018750 0.018750
3 0.607812 0.782813 0.021875 0.021875
3 0.639062 0.782813 0.021875 0.021875
0 0.842187 0.546875 0.103125 0.115625
1 0.842187 0.512500 0.046875 0.046875
4 0.842187 0.553125 0.071875 0.053125
2 0.801562 0.559375 0.021875 0.021875
2 0.882812 0.559375 0.021875 0.021875
3 0.823438 0.592187 0.025000 0.025000
3 0.860938 0.592187 0.025000 0.025000
0 0.851562 0.319531 0.093750 0.101562
1 0.851562 0.289062 0.040625 0.040625
4 0.851562 0.325000 0.065625 0.046875
2 0.814063 0.329688 0.018750 0.018750
2 0.889062 0.329688 0.018750 0.018750
3 0.834375 0.359375 0.021875 0.021875
3 0.868750 0.359375 0.021875 0.021875
0 0.145313 0.307812 0.118750 0.131250
1 0.145313 0.268750 0.053125 0.053125
8 0.145313 0.315625 0.081250 0.059375
2 0.098437 0.321875 0.025000 0.025000
2 0.192188 0.321875 0.025000 0.025000
3 0.125000 0.359375 0.028125 0.028125
3 0.165625 0.359375 0.028125 0.028125
0 0.648438 0.562500 0.106250 0.115625
1 0.648438 0.528125 0.046875 0.046875
8 0.648438 0.568750 0.075000 0.053125
2 0.606250 0.575000 0.021875 0.021875
2 0.690625 0.575000 0.021875 0.021875
3 0.629687 0.607812 0.025000 0.025000
3 0.667188 0.607812 0.025000 0.025000
0 0.445312 0.225781 0.121875 0.135937
1 0.445312 0.185938 0.056250 0.056250
4 0.445312 0.234375 0.084375 0.062500
2 0.396875 0.240625 0.025000 0.025000
2 0.493750 0.240625 0.025000 0.025000
3 0.423438 0.279687 0.028125 0.028125
3 0.467187 0.279687 0.028125 0.028125
