0 0.478125 0.763281 0.090625 0.101562
5 0.478125 0.732812 0.040625 0.040625
4 0.478125 0.768750 0.062500 0.046875
2 0.442188 0.773438 0.018750 0.018750
2 0.514062 0.773438 0.018750 0.018750
3 0.462500 0.803125 0.021875 0.021875
3 0.493750 0.803125 0.021875 0.021875
0 0.801562 0.378906 0.090625 0.101562
1 0.801562 0.348438 0.040625 0.040625
8 0.801562 0.384375 0.062500 0.046875
2 0.765625 0.389062 0.018750 0.018750
2 0.837500 0.389062 0.018750 0.018750
3 0.785937 0.418750 0.021875 0.021875
3 0.817187 0.418750 0.021875 0.021875
0 0.151562 0.472656 0.090625 0.101562
1 0.151562 0.442188 0.040625 0.040625
4 0.151562 0.478125 0.062500 0.046875
2 0.115625 0.482812 0.018750 0.018750
2 0.187500 0.482812 0.018750 0.018750
3 0.135937 0.512500 0.021875 0.021875
3 0.167187 0.512500 0.021875 0.021875
0 0.345313 0.542188 0.106250 0.115625
1 0.345313 0.507812 0.046875 0.046875
4 0.345313 0.548438 0.075000 0.053125
6 0.303125 0.554688 0.021875 0.021875
6 0.387500 0.554688 0.021875 0.021875
3 0.326562 0.587500 0.025000 0.025000
3 0.364063 0.587500 0.025000 0.025000
