0 0.370312 0.682031 0.087500 0.092188
1 0.370312 0.654687 0.037500 0.037500
4 0.370312 0.687500 0.059375 0.043750
2 0.335938 0.692187 0.018750 0.018750
2 0.404687 0.692187 0.018750 0.018750
3 0.354687 0.718750 0.018750 0.018750
3 0.385937 0.718750 0.018750 0.018750
0 0.285938 0.317188 0.106250 0.121875
1 0.285938 0.281250 0.050000 0.050000
4 0.285938 0.325000 0.075000 0.056250
2 0.243750 0.331250 0.021875 0.021875
2 0.328125 0.331250 0.021875 0.021875
3 0.267188 0.365625 0.025000 0.025000
3 0.304688 0.365625 0.025000 0.025000
0 0.668750 0.584375 0.109375 0.128125
1 0.668750 0.545312 0.050000 0.050000
4 0.668750 0.590625 0.078125 0.059375
2 0.625000 0.596875 0.021875 0.021875
2 0.712500 0.596875 0.021875 0.021875
7 0.648438 0.634375 0.028125 0.028125
7 0.689063 0.634375 0.028125 0.028125
0 0.765625 0.742188 0.118750 0.131250
1 0.765625 0.703125 0.053125 0.053125
8 0.765625 0.750000 0.081250 0.059375
2 0.718750 0.756250 0.025000 0.025000
2 0.812500 0.756250 0.025000 0.025000
3 0.745313 0.793750 0.028125 0.028125
3 0.785937 0.793750 0.028125 0.028125
