0 0.303125 0.515625 0.103125 0.115625
1 0.303125 0.481250 0.046875 0.046875
4 0.303125 0.521875 0.071875 0.053125
2 0.262500 0.528125 0.021875 0.021875
2 0.343750 0.528125 0.021875 0.021875
3 0.284375 0.560937 0.025000 0.025000
3 0.321875 0.560937 0.025000 0.025000
0 0.590625 0.425781 0.090625 0.095312
1 0.590625 0.398438 0.040625 0.040625
4 0.590625 0.432812 0.062500 0.043750
2 0.554688 0.437500 0.018750 0.018750
2 0.626563 0.437500 0.018750 0.018750
3 0.575000 0.464062 0.018750 0.018750
3 0.606250 0.464062 0.018750 0.018750
0 0.450000 0.663281 0.096875 0.107813
1 0.450000 0.631250 0.043750 0.043750
4 0.450000 0.670312 0.068750 0.050000
2 0.410938 0.675000 0.018750 0.018750
2 0.489063 0.675000 0.018750 0.018750
3 0.432812 0.706250 0.021875 0.021875
3 0.467187 0.706250 0.021875 0.021875
