0 0.357812 0.785937 0.109375 0.121875
1 0.357812 0.750000 0.050000 0.050000
4 0.357812 0.793750 0.078125 0.056250
6 0.314063 0.800000 0.021875 0.021875
6 0.401562 0.800000 0.021875 0.021875
3 0.337500 0.834375 0.025000 0.025000
3 0.378125 0.834375 0.025000 0.025000
0 0.731250 0.286719 0.121875 0.132812
5 0.731250 0.246875 0.053125 0.053125
4 0.731250 0.293750 0.084375 0.062500
2 0.682813 0.300000 0.025000 0.025000
2 0.779687 0.300000 0.025000 0.025000
3 0.709375 0.339062 0.028125 0.028125
3 0.753125 0.339062 0.028125 0.028125
0 0.168750 0.376563 0.109375 0.125000
1 0.168750 0.339062 0.050000 0.050000
8 0.168750 0.384375 0.078125 0.059375
2 0.125000 0.390625 0.021875 0.021875
2 0.212500 0.390625 0.021875 0.021875
3 0.148438 0.426563 0.025000 0.025000
3 0.189062 0.426563 0.025000 0.025000
0 0.723437 0.446094 0.090625 0.101562
1 0.723437 0.415625 0.040625 0.040625
4 0.723437 0.451562 0.062500 0.046875
2 0.687500 0.456250 0.018750 0.018750
2 0.759375 0.456250 0.018750 0.018750
3 0.707812 0.485938 0.021875 0.021875
3 0.739062 0.485938 0.021875 0.021875
0 0.517188 0.495312 0.103125 0.115625
1 0.517188 0.460938 0.046875 0.046875
4 0.517188 0.501563 0.071875 0.053125
2 0.476562 0.507812 0.021875 0.021875
2 0.557813 0.507812 0.021875 0.021875
3 0.498437 0.540625 0.025000 0.025000
3 0.535937 0.540625 0.025000 0.025000
0 0.262500 0.667969 0.125000 0.135937
1 0.262500 0.628125 0.056250 0.056250
4 0.262500 0.676562 0.087500 0.062500
2 0.212500 0.682813 0.025000 0.025000
2 0.312500 0.682813 0.025000 0.025000
3 0.240625 0.721875 0.028125 0.028125
3 0.284375 0.721875 0.028125 0.028125
