0 0.412500 0.503906 0.090625 0.101562
1 0.412500 0.473438 0.040625 0.040625
4 0.412500 0.509375 0.062500 0.046875
2 0.376563 0.514062 0.018750 0.018750
2 0.448437 0.514062 0.018750 0.018750
7 0.396875 0.543750 0.021875 0.021875
7 0.428125 0.543750 0.021875 0.021875
0 0.329688 0.308594 0.090625 0.101562
1 0.329688 0.278125 0.040625 0.040625
4 0.329688 0.314063 0.062500 0.046875
6 0.293750 0.318750 0.018750 0.018750
6 0.365625 0.318750 0.018750 0.018750
3 0.314063 0.348438 0.021875 0.021875
3 0.345313 0.348438 0.021875 0.021875
0 0.567187 0.695312 0.118750 0.131250
1 0.567187 0.656250 0.053125 0.053125
8 0.567187 0.703125 0.081250 0.059375
2 0.520312 0.709375 0.025000 0.025000
2 0.614062 0.709375 0.025000 0.025000
3 0.546875 0.746875 0.028125 0.028125
3 0.587500 0.746875 0.028125 0.028125
0 0.768750 0.801562 0.109375 0.121875
1 0.768750 0.765625 0.050000 0.050000
4 0.768750 0.809375 0.078125 0.056250
2 0.725000 0.815625 0.021875 0.021875
2 0.812500 0.815625 0.021875 0.021875
3 0.748437 0.850000 0.025000 0.025000
3 0.789062 0.850000 0.025000 0.025000
0 0.842187 0.392188 0.109375 0.128125
1 0.842187 0.353125 0.050000 0.050000
4 0.842187 0.398438 0.078125 0.059375
6 0.798438 0.404687 0.021875 0.021875
6 0.885938 0.404687 0.021875 0.021875
3 0.821875 0.442188 0.028125 0.028125
3 0.862500 0.442188 0.028125 0.028125
0 0.229687 0.566406 0.125000 0.139063
1 0.229687 0.525000 0.056250 0.056250
4 0.229687 0.575000 0.087500 0.065625
2 0.179688 0.581250 0.025000 0.025000
2 0.279687 0.581250 0.025000 0.025000
3 0.207813 0.621875 0.028125 0.028125
3 0.251563 0.621875 0.028125 0.028125
