0 0.795312 0.308594 0.093750 0.107813
1 0.795312 0.276562 0.043750 0.043750
4 0.795312 0.315625 0.065625 0.050000
6 0.757812 0.320312 0.018750 0.018750
6 0.832812 0.320312 0.018750 0.018750
3 0.778125 0.351562 0.021875 0.021875
3 0.812500 0.351562 0.021875 0.021875
0 0.485938 0.541406 0.081250 0.092188
5 0.485938 0.514062 0.037500 0.037500
4 0.485938 0.546875 0.059375 0.043750
2 0.453125 0.551562 0.015625 0.015625
2 0.518750 0.551562 0.015625 0.015625
7 0.470313 0.578125 0.018750 0.018750
7 0.501563 0.578125 0.018750 0.018750
0 0.342187 0.736719 0.096875 0.107813
1 0.342187 0.704688 0.043750 0.043750
4 0.342187 0.743750 0.068750 0.050000
6 0.303125 0.748437 0.018750 0.018750
6 0.381250 0.748437 0.018750 0.018750
3 0.325000 0.779687 0.021875 0.021875
3 0.359375 0.779687 0.021875 0.021875
