0 0.787500 0.260937 0.103125 0.115625
5 0.787500 0.226562 0.046875 0.046875
8 0.787500 0.267188 0.071875 0.053125
6 0.746875 0.273438 0.021875 0.021875
6 0.828125 0.273438 0.021875 0.021875
3 0.768750 0.306250 0.025000 0.025000
3 0.806250 0.306250 0.025000 0.025000
0 0.384375 0.250000 0.109375 0.121875
5 0.384375 0.214062 0.050000 0.050000
8 0.384375 0.257812 0.078125 0.056250
6 0.340625 0.264062 0.021875 0.021875
6 0.428125 0.264062 0.021875 0.021875
3 0.364063 0.298438 0.025000 0.025000
3 0.404687 0.298438 0.025000 0.025000
0 0.514062 0.732812 0.103125 0.115625
1 0.514062 0.698438 0.046875 0.046875
4 0.514062 0.739062 0.071875 0.053125
2 0.473438 0.745313 0.021875 0.021875
2 0.554688 0.745313 0.021875 0.021875
3 0.495312 0.778125 0.025000 0.025000
3 0.532813 0.778125 0.025000 0.025000
0 0.325000 0.399219 0.121875 0.135937
5 0.325000 0.359375 0.056250 0.056250
4 0.325000 0.407813 0.084375 0.062500
2 0.276562 0.414062 0.025000 0.025000
2 0.373437 0.414062 0.025000 0.025000
3 0.303125 0.453125 0.028125 0.028125
3 0.346875 0.453125 0.028125 0.028125
