0 0.450000 0.432812 0.109375 0.128125
5 0.450000 0.393750 0.050000 0.050000
4 0.450000 0.439063 0.078125 0.059375
6 0.406250 0.445312 0.021875 0.021875
6 0.493750 0.445312 0.021875 0.021875
3 0.429688 0.482812 0.028125 0.028125
3 0.470313 0.482812 0.028125 0.028125
0 0.454688 0.264844 0.125000 0.139063
1 0.454688 0.223438 0.056250 0.056250
8 0.454688 0.273438 0.087500 0.065625
2 0.404687 0.279687 0.025000 0.025000
2 0.504687 0.279687 0.025000 0.025000
3 0.432812 0.320312 0.028125 0.028125
3 0.476562 0.320312 0.028125 0.028125
0 0.376563 0.650000 0.106250 0.115625
1 0.376563 0.615625 0.046875 0.046875
4 0.376563 0.656250 0.075000 0.053125
2 0.334375 0.662500 0.021875 0.021875
2 0.418750 0.662500 0.021875 0.021875
3 0.357812 0.695312 0.025000 0.025000
3 0.395313 0.695312 0.025000 0.025000
0 0.554688 0.678906 0.121875 0.135937
1 0.554688 0.639062 0.056250 0.056250
4 0.554688 0.687500 0.084375 0.062500
2 0.506250 0.693750 0.025000 0.025000
2 0.603125 0.693750 0.025000 0.025000
3 0.532813 0.732812 0.028125 0.028125
3 0.576562 0.732812 0.028125 0.028125
