0 0.590625 0.255469 0.121875 0.132812
1 0.590625 0.215625 0.053125 0.053125
4 0.590625 0.262500 0.084375 0.062500
2 0.542188 0.268750 0.025000 0.025000
2 0.639062 0.268750 0.025000 0.025000
3 0.568750 0.307812 0.028125 0.028125
3 0.612500 0.307812 0.028125 0.028125
0 0.537500 0.753906 0.090625 0.101562
5 0.537500 0.723437 0.040625 0.040625
4 0.537500 0.759375 0.062500 0.046875
6 0.501563 0.764062 0.018750 0.018750
6 0.573438 0.764062 0.018750 0.018750
3 0.521875 0.793750 0.021875 0.021875
3 0.553125 0.793750 0.021875 0.021875
0 0.459375 0.442969 0.093750 0.104688
1 0.459375 0.412500 0.043750 0.043750
8 0.459375 0.450000 0.065625 0.046875
6 0.421875 0.454688 0.018750 0.018750
6 0.496875 0.454688 0.018750 0.018750
7 0.442188 0.484375 0.021875 0.021875
7 0.476562 0.484375 0.021875 0.021875
0 0.209375 0.489063 0.103125 0.115625
1 0.209375 0.454688 0.046875 0.046875
4 0.209375 0.495312 0.071875 0.053125
2 0.168750 0.501563 0.021875 0.021875
2 0.250000 0.501563 0.021875 0.021875
3 0.190625 0.534375 0.025000 0.025000
3 0.228125 0.534375 0.025000 0.025000
0 0.804688 0.528906 0.093750 0.101562
1 0.804688 0.498437 0.040625 0.040625
4 0.804688 0.534375 0.065625 0.046875
6 0.767188 0.539062 0.018750 0.018750
6 0.842187 0.539062 0.018750 0.018750
3 0.787500 0.568750 0.021875 0.021875
3 0.821875 0.568750 0.021875 0.021875
