0 0.492188 0.585156 0.096875 0.107813
1 0.492188 0.553125 0.043750 0.043750
4 0.492188 0.592187 0.068750 0.050000
2 0.453125 0.596875 0.018750 0.018750
2 0.531250 0.596875 0.018750 0.018750
3 0.475000 0.628125 0.021875 0.021875
3 0.509375 0.628125 0.021875 0.021875
0 0.617188 0.353906 0.096875 0.107813
1 0.617188 0.321875 0.043750 0.043750
4 0.617188 0.360938 0.068750 0.050000
2 0.578125 0.365625 0.018750 0.018750
2 0.656250 0.365625 0.018750 0.018750
3 0.600000 0.396875 0.021875 0.021875
3 0.634375 0.396875 0.021875 0.021875
0 0.207813 0.455469 0.093750 0.104688
1 0.207813 0.425000 0.043750 0.043750
4 0.207813 0.462500 0.065625 0.046875
2 0.170313 0.467187 0.018750 0.018750
2 0.245312 0.467187 0.018750 0.018750
3 0.190625 0.496875 0.021875 0.021875
3 0.225000 0.496875 0.021875 0.021875
0 0.212500 0.786719 0.090625 0.101562
1 0.212500 0.756250 0.040625 0.040625
4 0.212500 0.792188 0.062500 0.046875
2 0.176563 0.796875 0.018750 0.018750
2 0.248438 0.796875 0.018750 0.018750
3 0.196875 0.826562 0.021875 0.021875
3 0.228125 0.826562 0.021875 0.021875
0 0.437500 0.400781 0.093750 0.101562
1 0.437500 0.370312 0.040625 0.040625
4 0.437500 0.406250 0.065625 0.046875
2 0.400000 0.410938 0.018750 0.018750
2 0.475000 0.410938 0.018750 0.018750
3 0.420312 0.440625 0.021875 0.021875
3 0.454688 0.440625 0.021875 0.021875
0 0.826562 0.457031 0.121875 0.135937
1 0.826562 0.417187 0.056250 0.056250
4 0.826562 0.465625 0.084375 0.062500
2 0.778125 0.471875 0.025000 0.025000
2 0.875000 0.471875 0.025000 0.025000
3 0.804688 0.510938 0.028125 0.028125
3 0.848437 0.510938 0.028125 0.028125
