0 0.256250 0.582031 0.090625 0.101562
1 0.256250 0.551562 0.040625 0.040625
8 0.256250 0.587500 0.062500 0.046875
2 0.220312 0.592187 0.018750 0.018750
2 0.292187 0.592187 0.018750 0.018750
7 0.240625 0.621875 0.021875 0.021875
7 0.271875 0.621875 0.021875 0.021875
0 0.375000 0.413281 0.090625 0.098437
5 0.375000 0.384375 0.040625 0.040625
4 0.375000 0.418750 0.062500 0.043750
6 0.339062 0.423438 0.018750 0.018750
6 0.410938 0.423438 0.018750 0.018750
3 0.359375 0.451562 0.021875 0.021875
3 0.390625 0.451562 0.021875 0.021875
0 0.787500 0.457031 0.121875 0.132812
1 0.787500 0.417187 0.053125 0.053125
4 0.787500 0.464062 0.084375 0.062500
2 0.739062 0.470313 0.025000 0.025000
2 0.835938 0.470313 0.025000 0.025000
3 0.765625 0.509375 0.028125 0.028125
3 0.809375 0.509375 0.028125 0.028125
