0 0.343750 0.767188 0.106250 0.118750
1 0.343750 0.731250 0.046875 0.046875
4 0.343750 0.773438 0.075000 0.056250
2 0.301563 0.779687 0.021875 0.021875
2 0.385937 0.779687 0.021875 0.021875
3 0.325000 0.814063 0.025000 0.025000
3 0.362500 0.814063 0.025000 0.025000
0 0.279687 0.399219 0.096875 0.107813
1 0.279687 0.367188 0.043750 0.043750
4 0.279687 0.406250 0.068750 0.050000
2 0.240625 0.410938 0.018750 0.018750
2 0.318750 0.410938 0.018750 0.018750
3 0.262500 0.442188 0.021875 0.021875
3 0.296875 0.442188 0.021875 0.021875
0 0.154688 0.484375 0.106250 0.121875
1 0.154688 0.448437 0.050000 0.050000
4 0.154688 0.492188 0.075000 0.056250
2 0.112500 0.498437 0.021875 0.021875
2 0.196875 0.498437 0.021875 0.021875
3 0.134375 0.532813 0.025000 0.025000
3 0.175000 0.532813 0.025000 0.025000
0 0.381250 0.278125 0.109375 0.125000
5 0.381250 0.240625 0.050000 0.050000
4 0.381250 0.285938 0.078125 0.059375
2 0.337500 0.292187 0.021875 0.021875
2 0.425000 0.292187 0.021875 0.021875
3 0.360938 0.328125 0.025000 0.025000
3 0.401562 0.328125 0.025000 0.025000
