0 0.614062 0.250781 0.096875 0.107813
1 0.614062 0.218750 0.043750 0.043750
8 0.614062 0.257812 0.068750 0.050000
2 0.575000 0.262500 0.018750 0.018750
2 0.653125 0.262500 0.018750 0.018750
3 0.596875 0.293750 0.021875 0.021875
3 0.631250 0.293750 0.021875 0.021875
0 0.537500 0.696094 0.093750 0.104688
1 0.537500 0.665625 0.043750 0.043750
4 0.537500 0.703125 0.065625 0.046875
6 0.500000 0.707812 0.018750 0.018750
6 0.575000 0.707812 0.018750 0.018750
7 0.520312 0.737500 0.021875 0.021875
7 0.554688 0.737500 0.021875 0.021875
0 0.195312 0.300781 0.096875 0.107813
1 0.195312 0.268750 0.043750 0.043750
4 0.195312 0.307812 0.068750 0.050000
2 0.156250 0.312500 0.018750 0.018750
2 0.234375 0.312500 0.018750 0.018750
3 0.178125 0.343750 0.021875 0.021875
3 0.212500 0.343750 0.021875 0.021875
0 0.607812 0.411719 0.093750 0.101562
1 0.607812 0.381250 0.040625 0.040625
4 0.607812 0.417187 0.065625 0.046875
2 0.570312 0.421875 0.018750 0.018750
2 0.645312 0.421875 0.018750 0.018750
3 0.592187 0.451562 0.021875 0.021875
3 0.623437 0.451562 0.021875 0.021875
