0 0.210938 0.427344 0.096875 0.107813
1 0.210938 0.395313 0.043750 0.043750
4 0.210938 0.434375 0.068750 0.050000
2 0.171875 0.439063 0.018750 0.018750
2 0.250000 0.439063 0.018750 0.018750
3 0.193750 0.470313 0.021875 0.021875
3 0.228125 0.470313 0.021875 0.021875
0 0.467187 0.519531 0.090625 0.101562
1 0.467187 0.489063 0.040625 0.040625
4 0.467187 0.525000 0.062500 0.046875
2 0.431250 0.529687 0.018750 0.018750
2 0.503125 0.529687 0.018750 0.018750
3 0.451562 0.559375 0.021875 0.021875
3 0.482812 0.559375 0.021875 0.021875
0 0.853125 0.566406 0.087500 0.095312
1 0.853125 0.539062 0.040625 0.040625
8 0.853125 0.573438 0.059375 0.043750
2 0.818750 0.578125 0.018750 0.018750
2 0.887500 0.578125 0.018750 0.018750
7 0.837500 0.604688 0.018750 0.018750
7 0.868750 0.604688 0.018750 0.018750
