0 0.067383 0.166016 0.134581 0.254443
0 0.823242 0.185547 0.104739 0.297352
0 0.944336 0.265625 0.099887 0.283578
0 0.596680 0.273438 0.070225 0.161598
0 0.394531 0.285156 0.095260 0.232990
0 0.709961 0.292969 0.145981 0.497634
0 0.281250 0.296875 0.109085 0.422948
0 0.866211 0.464844 0.249323 0.285506
0 0.341797 0.631836 0.103329 0.417256
0 0.398438 0.631836 0.213345 0.403356
0 0.694336 0.729492 0.422948 0.389920
0 0.948242 0.741211 0.092087 0.364376
1 0.846680 0.051758 0.068812 0.037651
1 0.944336 0.055664 0.053192 0.042247
1 0.702148 0.063477 0.051420 0.059283
1 0.291016 0.065430 0.054653 0.060911
1 0.193359 0.093750 0.059283 0.070225
1 0.776367 0.094727 0.068812 0.078266
1 0.686523 0.096680 0.065625 0.080963
1 0.296875 0.138672 0.073139 0.106168
1 0.956055 0.169922 0.071667 0.089019
1 0.807617 0.417969 0.130983 0.192727
1 0.351562 0.417969 0.078266 0.073139
1 0.416016 0.480469 0.075148 0.096560
1 0.959961 0.678711 0.063870 0.232990
1 0.850586 0.678711 0.109085 0.200724
2 0.429688 0.265625 0.037651 0.043703
2 0.457031 0.561523 0.057698 0.056155
3 0.390625 0.811523 0.093978 0.054653
4 0.414062 0.100586 0.099887 0.126620
4 0.062500 0.156250 0.101250 0.232990
4 0.823242 0.240234 0.103329 0.222197
4 0.216797 0.265625 0.095260 0.247640
4 0.713867 0.300781 0.144016 0.318198
4 0.279297 0.351562 0.103329 0.291369
4 0.913086 0.492188 0.159423 0.228302
4 0.347656 0.655273 0.110573 0.285506
4 0.639648 0.729492 0.311795 0.389920
