0 0.410156 0.441406 0.052122 0.318198
0 0.464844 0.443359 0.043703 0.295344
0 0.365234 0.468750 0.035423 0.342820
0 0.600586 0.494141 0.050045 0.285506
1 0.392578 0.310547 0.020882 0.047727
1 0.359375 0.316406 0.023912 0.037396
1 0.476562 0.320312 0.021896 0.053554
1 0.596680 0.369141 0.021896 0.033103
2 0.423828 0.267578 0.008366 0.030934
2 0.412109 0.326172 0.010462 0.035184
2 0.486328 0.355469 0.012477 0.023116
2 0.484375 0.412109 0.008366 0.020882
2 0.382812 0.494141 0.010462 0.030934
3 0.588867 0.592773 0.020882 0.092087
4 0.604492 0.398438 0.035423 0.030934
