0 0.345703 0.062500 0.023431 0.057698
0 0.581055 0.072266 0.011739 0.046451
0 0.510742 0.084961 0.027382 0.069280
0 0.457031 0.086914 0.018235 0.039213
0 0.620117 0.088867 0.023431 0.076174
0 0.647461 0.093750 0.014385 0.053192
0 0.666992 0.095703 0.018235 0.069280
0 0.690430 0.096680 0.014385 0.055776
0 0.717773 0.098633 0.014385 0.032437
0 0.729492 0.101562 0.014385 0.032437
0 0.807617 0.103516 0.014385 0.048707
0 0.745117 0.106445 0.024736 0.064741
0 0.698242 0.108398 0.020882 0.055776
0 0.784180 0.116211 0.018235 0.041678
0 0.725586 0.118164 0.023431 0.044000
0 0.842773 0.119141 0.020882 0.076174
0 0.866211 0.150391 0.018235 0.085473
0 0.948242 0.151367 0.029904 0.118325
0 0.983398 0.152344 0.032437 0.122402
0 0.827148 0.152344 0.044299 0.118325
0 0.010742 0.152344 0.020882 0.185049
0 0.275391 0.363281 0.133672 0.261434
0 0.545898 0.545898 0.151011 0.597532
1 0.351562 0.045898 0.016926 0.023116
1 0.518555 0.062500 0.014385 0.023116
1 0.666992 0.070312 0.011739 0.016251
1 0.741211 0.080078 0.010462 0.018610
1 0.717773 0.082031 0.006511 0.011581
1 0.807617 0.083008 0.010462 0.011581
1 0.842773 0.084961 0.010462 0.013906
1 0.698242 0.091797 0.010462 0.016251
1 0.749023 0.093750 0.011739 0.020882
1 0.721680 0.094727 0.006511 0.011581
1 0.842773 0.095703 0.010462 0.013906
1 0.913086 0.096680 0.007818 0.013906
1 0.913086 0.116211 0.006511 0.011581
1 0.913086 0.151367 0.010462 0.016251
1 0.971680 0.180664 0.016926 0.037144
1 0.577148 0.267578 0.055776 0.041678
1 0.247070 0.275391 0.041678 0.087821
2 0.600586 0.458984 0.018235 0.030107
3 0.490234 0.737305 0.041678 0.046451
3 0.565430 0.819336 0.050728 0.048707
4 0.292969 0.359375 0.099213 0.196685
4 0.549805 0.380859 0.106890 0.192727
