0 0.854492 0.584961 0.060911 0.213345
0 0.457031 0.584961 0.059283 0.228302
0 0.643555 0.624023 0.110573 0.316049
0 0.815430 0.627930 0.130983 0.301409
0 0.706055 0.631836 0.065625 0.293350
0 0.983398 0.635742 0.034476 0.285506
0 0.944336 0.639648 0.089019 0.281663
0 0.538086 0.643555 0.106168 0.274132
0 0.901367 0.647461 0.043703 0.254443
1 0.464844 0.480469 0.029702 0.025073
1 0.635742 0.490234 0.059283 0.048378
1 0.842773 0.492188 0.035907 0.028135
1 0.799805 0.500000 0.076691 0.045516
1 0.694336 0.502930 0.048378 0.031356
1 0.870117 0.506836 0.025073 0.021896
1 0.979492 0.510742 0.035907 0.034476
1 0.940430 0.514648 0.050045 0.034476
1 0.545898 0.526367 0.053192 0.042247
1 0.901367 0.530273 0.035907 0.029702
2 0.480469 0.557617 0.020323 0.018736
2 0.596680 0.721680 0.023431 0.038948
3 0.466797 0.682617 0.029702 0.018736
3 0.435547 0.686523 0.017156 0.021896
4 0.455078 0.541992 0.056155 0.079334
4 0.858398 0.561523 0.050045 0.063870
4 0.713867 0.592773 0.051420 0.115944
4 0.987305 0.596680 0.026650 0.117526
4 0.901367 0.608398 0.038948 0.110573
4 0.948242 0.616211 0.083188 0.135496
4 0.655273 0.631836 0.087228 0.177677
4 0.541992 0.647461 0.099887 0.161598
4 0.815430 0.666992 0.130983 0.209052
