0 0.055664 0.095703 0.071667 0.188849
0 0.181641 0.103516 0.060911 0.206238
0 0.952148 0.176758 0.056155 0.169447
0 0.920898 0.302734 0.029702 0.080963
0 0.541992 0.439453 0.025073 0.101938
0 0.341797 0.569336 0.063870 0.249323
0 0.419922 0.635742 0.130098 0.431634
0 0.557617 0.663086 0.213345 0.446507
1 0.545898 0.455078 0.025073 0.025073
1 0.398438 0.457031 0.067428 0.068812
1 0.341797 0.464844 0.037651 0.037651
1 0.510742 0.480469 0.060911 0.077213
3 0.208984 0.198242 0.025073 0.020882
3 0.425781 0.690430 0.025073 0.025073
3 0.322266 0.690430 0.026650 0.016698
3 0.427734 0.807617 0.025073 0.037651
3 0.584961 0.862305 0.031356 0.050045
4 0.177734 0.070312 0.050045 0.139219
4 0.053711 0.072266 0.067428 0.133672
4 0.959961 0.158203 0.034476 0.056155
4 0.920898 0.283203 0.026650 0.041678
4 0.541992 0.427734 0.020323 0.047727
4 0.333984 0.545898 0.046767 0.112081
