0 0.142578 0.375000 0.043703 0.067428
0 0.678711 0.429688 0.261434 0.345151
0 0.106445 0.470703 0.166037 0.309690
0 0.201172 0.478516 0.122402 0.293350
0 0.253906 0.490234 0.045516 0.232990
0 0.784180 0.592773 0.307598 0.144016
0 0.502930 0.612305 0.585508 0.086054
1 0.146484 0.363281 0.037651 0.040564
1 0.257812 0.386719 0.031356 0.028135
1 0.858398 0.592773 0.158346 0.144016
2 0.686523 0.534180 0.089019 0.046767
2 0.561523 0.541992 0.038948 0.048378
4 0.201172 0.488281 0.096560 0.175286
4 0.106445 0.518555 0.166037 0.213345
