0 0.737305 0.639648 0.134581 0.717483
0 0.569336 0.643555 0.151011 0.712638
0 0.870117 0.651367 0.151011 0.698298
0 0.406250 0.659180 0.132770 0.679627
0 0.308594 0.674805 0.145981 0.648145
0 0.188477 0.698242 0.166037 0.601594
0 0.506836 0.737305 0.147973 0.518282
1 0.737305 0.320312 0.056155 0.084323
1 0.549805 0.326172 0.063870 0.086054
1 0.858398 0.339844 0.060911 0.079334
2 0.737305 0.320312 0.056155 0.084323
2 0.549805 0.326172 0.063870 0.086054
2 0.858398 0.339844 0.060911 0.079334
3 0.737305 0.320312 0.056155 0.084323
3 0.549805 0.326172 0.063870 0.086054
3 0.858398 0.339844 0.060911 0.079334
4 0.737305 0.561523 0.119939 0.254443
4 0.557617 0.600586 0.118325 0.324732
4 0.866211 0.627930 0.118325 0.331400
