0 0.205078 0.666992 0.177677 0.665952
0 0.553711 0.670898 0.112081 0.652552
0 0.474609 0.678711 0.058485 0.507853
0 0.320312 0.682617 0.079334 0.630815
0 0.893555 0.690430 0.166037 0.613948
0 0.071289 0.694336 0.129220 0.609802
0 0.386719 0.702148 0.161598 0.589489
0 0.807617 0.713867 0.109085 0.573727
0 0.690430 0.713867 0.153072 0.569853
1 0.208984 0.365234 0.064304 0.064741
1 0.557617 0.375000 0.052122 0.060500
1 0.328125 0.396484 0.045516 0.060500
1 0.749023 0.398438 0.047727 0.055025
1 0.620117 0.404297 0.027382 0.032437
1 0.831055 0.414062 0.029104 0.035184
1 0.121094 0.416016 0.044299 0.053554
1 0.850586 0.417969 0.031356 0.058485
1 0.449219 0.421875 0.030107 0.032437
1 0.881836 0.425781 0.086639 0.079874
1 0.386719 0.441406 0.055776 0.070225
1 0.462891 0.455078 0.037144 0.050385
1 0.803711 0.460938 0.069280 0.069280
2 0.464844 0.733398 0.012477 0.025937
2 0.510742 0.784180 0.022045 0.030934
3 0.460938 0.885742 0.023116 0.036151
3 0.476562 0.916992 0.042823 0.033554
3 0.289062 0.963867 0.019514 0.038948
3 0.137695 0.979492 0.038164 0.042823
4 0.624023 0.506836 0.045516 0.099887
4 0.756836 0.510742 0.037144 0.099887
4 0.565430 0.581055 0.086639 0.228302
4 0.322266 0.608398 0.075148 0.270442
4 0.476562 0.624023 0.055025 0.222197
4 0.076172 0.627930 0.113611 0.257915
4 0.199219 0.627930 0.132770 0.322539
4 0.803711 0.678711 0.092087 0.259668
4 0.386719 0.713867 0.148979 0.329162
4 0.897461 0.733398 0.159423 0.434568
4 0.690430 0.764648 0.152038 0.397927
