1 0.562500 0.319531 0.056250 0.110937
1 0.467187 0.413281 0.062500 0.117187
1 0.414062 0.384375 0.062500 0.103125
1 0.264844 0.729688 0.054688 0.115625
3 0.180469 0.873437 0.039062 0.071875
1 0.193750 0.868750 0.059375 0.112500
3 0.203125 0.857031 0.025000 0.057813
3 0.419531 0.750000 0.042188 0.071875
3 0.390625 0.771094 0.056250 0.067187
3 0.497656 0.826562 0.054688 0.065625
3 0.447656 0.844531 0.057813 0.057813
3 0.564844 0.745313 0.048438 0.084375
3 0.528906 0.721094 0.054688 0.070312
2 0.414844 0.659375 0.045312 0.096875
