1 0.170313 0.534375 0.062500 0.109375
1 0.295313 0.449219 0.056250 0.104688
1 0.300781 0.385937 0.051563 0.087500
1 0.350000 0.350000 0.053125 0.103125
1 0.331250 0.253125 0.040625 0.075000
2 0.390625 0.535156 0.028125 0.085938
3 0.351563 0.749219 0.056250 0.070312
3 0.380469 0.733594 0.054688 0.070312
3 0.316406 0.858594 0.054688 0.070312
3 0.264844 0.845313 0.060937 0.081250
2 0.264063 0.510156 0.031250 0.042188
3 0.171875 0.962500 0.053125 0.068750
3 0.199219 0.939844 0.039062 0.073438
3 0.658594 0.618750 0.057813 0.056250
3 0.675000 0.660156 0.046875 0.054688
3 0.708594 0.696094 0.048438 0.060938
1 0.771094 0.428125 0.054688 0.093750
1 0.709375 0.266406 0.046875 0.098437
