1 0.198438 0.434375 0.059375 0.090625
3 0.216406 0.600000 0.048438 0.068750
3 0.190625 0.592969 0.046875 0.064062
3 0.627344 0.767969 0.060937 0.073438
3 0.596875 0.784375 0.056250 0.075000
7 0.703906 0.812500 0.051562 0.053125
7 0.713281 0.790625 0.045312 0.043750
1 0.615625 0.352344 0.050000 0.110937
1 0.769531 0.431250 0.051562 0.093750
5 0.723437 0.432031 0.040625 0.095313
1 0.013281 0.400781 0.026563 0.089063
3 0.053906 0.628125 0.051563 0.062500
2 0.221094 0.486719 0.032813 0.073438
2 0.180469 0.539062 0.026563 0.065625
