3 0.186719 0.896094 0.045312 0.051562
3 0.210156 0.864062 0.026562 0.056250
1 0.195313 0.630469 0.056250 0.085938
1 0.339844 0.396875 0.045313 0.068750
3 0.400781 0.582812 0.029687 0.046875
3 0.332031 0.572656 0.032813 0.064062
5 0.578125 0.578906 0.046875 0.104688
1 0.502344 0.768750 0.054688 0.121875
3 0.577344 0.948438 0.029687 0.100000
3 0.650000 0.897656 0.046875 0.060937
3 0.690625 0.885938 0.040625 0.056250
3 0.746094 0.780469 0.042188 0.045312
1 0.672656 0.464844 0.054688 0.120313
1 0.749219 0.433594 0.045312 0.092188
1 0.776563 0.475781 0.053125 0.085938
3 0.715625 0.709375 0.037500 0.056250
2 0.157031 0.725781 0.032813 0.060937
