1 0.203125 0.618750 0.053125 0.100000
1 0.340625 0.374219 0.053125 0.076563
1 0.339062 0.205469 0.028125 0.042187
3 0.315625 0.558594 0.040625 0.039062
3 0.328906 0.586719 0.042188 0.051562
3 0.238281 0.804688 0.051562 0.040625
7 0.671875 0.725000 0.050000 0.071875
7 0.687500 0.742969 0.046875 0.060937
3 0.688281 0.614062 0.042188 0.075000
3 0.725781 0.688281 0.029687 0.042188
1 0.753906 0.471094 0.051562 0.092188
1 0.763281 0.427344 0.060937 0.085938
2 0.296094 0.500781 0.051562 0.060937
2 0.284375 0.470313 0.050000 0.056250
2 0.313281 0.378125 0.029688 0.071875
2 0.182031 0.667969 0.032813 0.057813
2 0.141406 0.775000 0.060937 0.093750
