1 0.454688 0.068750 0.062500 0.093750
1 0.472656 0.100000 0.045312 0.075000
1 0.175000 0.289844 0.056250 0.082812
1 0.319531 0.382031 0.060938 0.082812
1 0.102344 0.519531 0.054688 0.092188
5 0.341406 0.461719 0.057813 0.064062
3 0.150781 0.806250 0.057813 0.059375
2 0.148438 0.680469 0.043750 0.054688
3 0.172656 0.703125 0.035937 0.078125
3 0.253906 0.635938 0.045312 0.059375
3 0.170313 0.618750 0.043750 0.037500
3 0.296094 0.676562 0.045312 0.046875
3 0.470313 0.472656 0.043750 0.051562
6 0.462500 0.289063 0.021875 0.071875
2 0.203906 0.434375 0.045313 0.075000
2 0.307813 0.608594 0.031250 0.076563
6 0.292188 0.557031 0.034375 0.035937
2 0.291406 0.542969 0.032813 0.060937
3 0.263281 0.568750 0.035937 0.037500
2 0.262500 0.499219 0.031250 0.054688
3 0.491406 0.444531 0.020313 0.048438
3 0.281250 0.601562 0.018750 0.021875
6 0.422656 0.235938 0.020313 0.090625
3 0.435937 0.393750 0.028125 0.065625
2 0.160938 0.613281 0.031250 0.039062
2 0.460938 0.357813 0.031250 0.065625
