1 0.198438 0.434375 0.059375 0.090625
3 0.216406 0.600000 0.048438 0.068750
3 0.190625 0.592969 0.046875 0.064062
3 0.625000 0.748437 0.062500 0.075000
3 0.579688 0.745313 0.056250 0.075000
7 0.703906 0.812500 0.051562 0.053125
7 0.713281 0.775000 0.045312 0.043750
3 0.715625 0.748438 0.053125 0.046875
1 0.637500 0.333594 0.050000 0.110937
1 0.698438 0.450781 0.043750 0.082812
5 0.716406 0.435156 0.042188 0.095313
1 0.013281 0.400781 0.026563 0.089063
3 0.053906 0.628125 0.051563 0.062500
2 0.217969 0.498437 0.054688 0.084375
2 0.184375 0.550781 0.025000 0.073438
