1 0.140625 0.711719 0.068750 0.110937
1 0.083594 0.541406 0.064063 0.104688
1 0.175000 0.431250 0.059375 0.109375
1 0.258594 0.484375 0.060937 0.106250
1 0.357031 0.441406 0.060937 0.098437
3 0.330469 0.691406 0.054688 0.054688
3 0.342188 0.662500 0.056250 0.037500
3 0.212500 0.946094 0.050000 0.079687
2 0.185938 0.884375 0.025000 0.075000
3 0.185938 0.928906 0.025000 0.035937
2 0.146875 0.843750 0.062500 0.087500
3 0.110156 0.801562 0.051562 0.046875
6 0.131250 0.650000 0.043750 0.046875
2 0.320313 0.564063 0.043750 0.040625
2 0.290625 0.612500 0.031250 0.081250
2 0.244531 0.589063 0.032813 0.065625
2 0.194531 0.603906 0.029687 0.070312
