1 0.762500 0.427344 0.050000 0.073438
1 0.758594 0.477344 0.054688 0.092188
1 0.317969 0.382812 0.045313 0.093750
1 0.228906 0.579688 0.057813 0.093750
3 0.240625 0.807813 0.040625 0.043750
3 0.274219 0.792188 0.029687 0.031250
7 0.688281 0.753125 0.048438 0.037500
7 0.672656 0.732031 0.054688 0.048438
3 0.461719 0.455469 0.029687 0.039062
3 0.332031 0.597656 0.035937 0.057813
3 0.313281 0.561719 0.035937 0.042188
1 0.205469 0.252344 0.057812 0.107813
3 0.682813 0.621875 0.028125 0.059375
2 0.257813 0.506250 0.050000 0.056250
6 0.150781 0.581250 0.026563 0.078125
6 0.168750 0.647656 0.037500 0.039062
3 0.384375 0.459375 0.031250 0.028125
