1 0.565625 0.278906 0.037500 0.092188
1 0.632812 0.350781 0.037500 0.095312
1 0.735938 0.477344 0.053125 0.082813
1 0.774219 0.460938 0.060937 0.084375
1 0.753125 0.396875 0.053125 0.062500
3 0.600781 0.724219 0.023438 0.067187
3 0.629687 0.700000 0.034375 0.050000
3 0.678125 0.738281 0.046875 0.035937
2 0.728906 0.786719 0.048438 0.070312
3 0.693750 0.763281 0.037500 0.035937
3 0.664062 0.678906 0.037500 0.042188
3 0.667969 0.646094 0.039062 0.035937
3 0.560937 0.608594 0.031250 0.048438
3 0.537500 0.597656 0.015625 0.045312
2 0.014063 0.595313 0.028125 0.062500
1 0.066406 0.448437 0.042188 0.087500
