3 0.515625 0.773438 0.046875 0.046875
3 0.486719 0.770312 0.032813 0.043750
3 0.413281 0.693750 0.023438 0.046875
3 0.434375 0.717187 0.050000 0.056250
1 0.463281 0.538281 0.048438 0.085938
3 0.753906 0.914844 0.032813 0.070312
3 0.767188 0.978125 0.040625 0.043750
5 0.802344 0.714063 0.035937 0.075000
5 0.735156 0.703125 0.045313 0.090625
1 0.794531 0.614844 0.045312 0.098437
3 0.768750 0.937500 0.021875 0.056250
2 0.466406 0.580469 0.042188 0.042188
2 0.517969 0.622656 0.035937 0.060937
1 0.559375 0.507031 0.040625 0.060937
1 0.811719 0.923438 0.039062 0.090625
