0 0.584961 0.363281 0.092087 0.210473
0 0.367188 0.647461 0.180101 0.487621
0 0.209961 0.670898 0.146973 0.434568
0 0.791992 0.674805 0.259668 0.471378
1 0.361328 0.435547 0.060091 0.059686
1 0.807617 0.460938 0.062162 0.047727
1 0.259766 0.482422 0.048051 0.062162
2 0.901367 0.530273 0.044000 0.038164
3 0.698242 0.870117 0.071667 0.033554
3 0.369141 0.870117 0.060091 0.038164
3 0.161133 0.874023 0.035907 0.028518
3 0.324219 0.874023 0.038164 0.035664
4 0.332031 0.565430 0.112081 0.183800
4 0.823242 0.581055 0.130098 0.154112
4 0.223633 0.584961 0.067886 0.152038
