2 0.5336538461538461 0.463855421686747 0.09134615384615384 0.0891566265060241
2 0.3641826923076923 0.516867469879518 0.15144230769230768 0.1180722891566265
2 0.6033653846153846 0.5240963855421686 0.11538461538461539 0.1180722891566265
2 0.8161057692307693 0.5397590361445783 0.19471153846153846 0.13012048192771083
2 0.5733173076923077 0.691566265060241 0.19951923076923078 0.22650602409638554
7 0.7970913461538461 0.6337590361445783 0.09007211538461538 0.09368674698795182
7 0.5118509615384615 0.49903614457831325 0.038125 0.05828915662650603
10 0.14235576923076923 0.6556144578313252 0.1748076923076923 0.2234698795180723
10 0.3828846153846154 0.7055903614457831 0.19572115384615385 0.14785542168674698
10 0.494375 0.8110361445783132 0.26415865384615383 0.05578313253012048
10 0.858389423076923 0.7550843373493976 0.23670673076923077 0.1573253012048193
5 0.7233173076923076 0.7467951807228916 0.06615384615384615 0.06501204819277108
5 0.16343749999999999 0.46395180722891566 0.06245192307692308 0.06732530120481928
2 0.15247596153846155 0.45279518072289154 0.12293269230769231 0.10351807228915663
7 0.17149038461538463 0.5333253012048194 0.04076923076923077 0.06493975903614457
9 0.1601682692307692 0.6111807228915662 0.21043269230769232 0.39963855421686745
9 0.8404807692307692 0.6553493975903615 0.28673076923076923 0.3606265060240964
9 0.49370192307692307 0.7091325301204819 0.3930769230769231 0.2547710843373494
9 0.3810817307692308 0.6189879518072289 0.23572115384615386 0.33604819277108433
9 0.5285096153846154 0.5146024096385542 0.09889423076923078 0.18585542168674699
9 0.06697115384615385 0.6790843373493975 0.13391826923076924 0.3251566265060241
10 0.03435096153846154 0.7780722891566264 0.06867788461538461 0.1344578313253012