2 0.365625 0.3063457330415755 0.08125 0.13566739606126915
2 0.46640625 0.2888402625820569 0.0828125 0.12253829321663019
7 0.371140625 0.3420568927789934 0.045109375 0.05334792122538293
7 0.46690624999999997 0.3226477024070022 0.04484375 0.058271334792122535
1 0.396484375 0.5290371991247265 0.0666875 0.07417943107221006
1 0.41026562499999997 0.48133479212253827 0.04790625 0.06477024070021882
1 0.5376562500000001 0.4515973741794311 0.044078125 0.06413566739606126
8 0.36139062499999997 0.4819912472647703 0.07518749999999999 0.23056892778993437
8 0.490203125 0.4637636761487965 0.089265625 0.1850765864332604
9 0.315046875 0.6064113785557986 0.212953125 0.7332385120350109
9 0.490765625 0.605164113785558 0.1915625 0.7332822757111598