2 0.221 0.33933933933933935 0.058 0.11411411411411411
2 0.354 0.3003003003003003 0.052 0.1021021021021021
8 0.36246 0.465015015015015 0.0849 0.21597597597597598
8 0.22166 0.46390390390390385 0.06998 0.16705705705705706
0 0.34126 0.8417417417417418 0.053619999999999994 0.07519519519519519
0 0.43288 0.8301501501501501 0.07686 0.08204204204204205
0 0.22356 0.8250150150150151 0.06714 0.061771771771771775
0 0.26002 0.8095495495495495 0.05776 0.04921921921921922
5 0.2672 0.42561561561561556 0.03438 0.06042042042042042
5 0.213 0.5332132132132132 0.04156 0.062072072072072076
3 0.23764 0.35468468468468467 0.027260000000000003 0.04882882882882884
9 0.222 0.2852852852852853 0.234 0.29429429429429427 0.242 0.3183183183183183 0.244 0.35435435435435436 0.242 0.35735735735735735 0.24 0.37237237237237236 0.232 0.3813813813813814 0.232 0.3963963963963964 0.236 0.4024024024024024 0.244 0.4264264264264264 0.25 0.43543543543543545 0.258 0.4174174174174174 0.266 0.4114114114114114 0.276 0.4114114114114114 0.276 0.42342342342342343 0.274 0.4294294294294294 0.268 0.43843843843843844 0.256 0.44744744744744747 0.252 0.45645645645645644 0.252 0.46846846846846846 0.254 0.47147147147147145 0.256 0.4954954954954955 0.258 0.4984984984984985 0.256 0.5465465465465466 0.254 0.5495495495495496 0.254 0.5615615615615616 0.252 0.5645645645645646 0.252 0.6426426426426426 0.254 0.6456456456456456 0.256 0.6666666666666666 0.258 0.6696696696696697 0.258 0.6876876876876877 0.256 0.6906906906906907 0.256 0.7027027027027027 0.254 0.7057057057057057 0.252 0.7417417417417418 0.254 0.7447447447447447 0.254 0.7747747747747747 0.26 0.7897897897897898 0.26 0.7957957957957958 0.268 0.8048048048048048 0.278 0.8078078078078078 0.28 0.8168168168168168 0.274 0.8228228228228228 0.252 0.8228228228228228 0.25 0.8258258258258259 0.25 0.8318318318318318 0.244 0.8378378378378378 0.198 0.8378378378378378 0.194 0.8318318318318318 0.194 0.7327327327327328 0.196 0.7297297297297297 0.196 0.7027027027027027 0.198 0.6996996996996997 0.198 0.6126126126126126 0.196 0.6096096096096096 0.196 0.6006006006006006 0.19 0.5825825825825826 0.19 0.5765765765765766 0.182 0.5555555555555556 0.182 0.5165165165165165 0.184 0.5135135135135135 0.186 0.4894894894894895 0.188 0.4864864864864865 0.188 0.4804804804804805 0.186 0.4774774774774775 0.186 0.42342342342342343 0.188 0.42042042042042044 0.19 0.4024024024024024 0.204 0.3663663663663664 0.204 0.35435435435435436 0.2 0.3483483483483483 0.198 0.3333333333333333 0.196 0.3303303303303303 0.198 0.2972972972972973 0.204 0.2882882882882883 0.208 0.2882882882882883 0.21 0.2852852852852853 0.22 0.2852852852852853
9 0.36 0.24624624624624625 0.368 0.2552552552552553 0.378 0.2882882882882883 0.372 0.3063063063063063 0.372 0.33633633633633636 0.378 0.34534534534534533 0.406 0.3633633633633634 0.412 0.37237237237237236 0.414 0.39039039039039036 0.42 0.4084084084084084 0.42 0.42342342342342343 0.422 0.4264264264264264 0.42 0.44144144144144143 0.406 0.46546546546546547 0.408 0.47147147147147145 0.408 0.4984984984984985 0.41 0.5015015015015015 0.412 0.5285285285285285 0.414 0.5315315315315315 0.414 0.5735735735735735 0.412 0.5765765765765766 0.412 0.5945945945945946 0.41 0.5975975975975976 0.41 0.6156156156156156 0.412 0.6186186186186187 0.412 0.7117117117117117 0.416 0.7237237237237237 0.42 0.7567567567567568 0.424 0.7657657657657657 0.426 0.7807807807807807 0.436 0.8048048048048048 0.436 0.8138138138138138 0.448 0.8318318318318318 0.456 0.8378378378378378 0.46 0.8468468468468469 0.454 0.8528528528528528 0.408 0.8558558558558559 0.406 0.8498498498498499 0.406 0.8318318318318318 0.398 0.8168168168168168 0.398 0.8048048048048048 0.39 0.7747747747747747 0.39 0.7627627627627628 0.388 0.7597597597597597 0.388 0.7477477477477478 0.384 0.7327327327327328 0.384 0.7207207207207207 0.378 0.6966966966966966 0.378 0.6846846846846847 0.376 0.6816816816816816 0.372 0.6576576576576577 0.37 0.6516516516516516 0.366 0.6486486486486487 0.364 0.6516516516516516 0.364 0.6606606606606606 0.36 0.6696696696696697 0.36 0.6756756756756757 0.362 0.6786786786786787 0.362 0.6876876876876877 0.36 0.6906906906906907 0.36 0.7447447447447447 0.362 0.7477477477477478 0.362 0.7687687687687688 0.364 0.7717717717717718 0.364 0.8078078078078078 0.362 0.8108108108108109 0.362 0.8348348348348348 0.356 0.8438438438438438 0.356 0.8558558558558559 0.352 0.8618618618618619 0.34 0.8618618618618619 0.338 0.8588588588588588 0.332 0.8588588588588588 0.326 0.8528528528528528 0.328 0.8468468468468469 0.328 0.8198198198198198 0.332 0.8138138138138138 0.332 0.7987987987987988 0.328 0.7867867867867868 0.328 0.7777777777777778 0.33 0.7747747747747747 0.332 0.7207207207207207 0.33 0.7177177177177178 0.33 0.6936936936936937 0.328 0.6906906906906907 0.326 0.6546546546546547 0.324 0.6516516516516516 0.324 0.6216216216216216 0.322 0.6186186186186187 0.322 0.6006006006006006 0.32 0.5975975975975976 0.32 0.5675675675675675 0.316 0.5555555555555556 0.316 0.5225225225225225 0.318 0.5195195195195195 0.318 0.5075075075075075 0.32 0.5045045045045045 0.32 0.48348348348348347 0.318 0.4804804804804805 0.31 0.4804804804804805 0.302 0.47147147147147145 0.302 0.46546546546546547 0.3 0.4624624624624625 0.3 0.4144144144144144 0.302 0.4114114114114114 0.302 0.3993993993993994 0.31 0.3783783783783784 0.322 0.3633633633633634 0.332 0.35735735735735735 0.34 0.34534534534534533 0.336 0.32432432432432434 0.332 0.3183183183183183 0.33 0.3063063063063063 0.326 0.3003003003003003 0.326 0.2702702702702703 0.33 0.2552552552552553 0.34 0.24624624624624625 0.358 0.24624624624624625