2 0.9110555555555556 0.33741666666666664 0.06285185185185185 0.06372222222222222
6 0.5306666666666666 0.34394444444444444 0.05764814814814815 0.05455555555555556
6 0.1039074074074074 0.34441666666666665 0.05224074074074074 0.06105555555555556
6 0.7338703703703704 0.3563055555555556 0.0492037037037037 0.0626111111111111
6 0.23005555555555557 0.36174999999999996 0.052703703703703704 0.06236111111111111
10 0.9117222222222222 0.5438055555555555 0.10562962962962963 0.2433611111111111
10 0.48924074074074075 0.5621388888888889 0.057833333333333334 0.21388888888888888
8 0.739037037037037 0.5057222222222222 0.09357407407407407 0.14869444444444443
8 0.5401296296296296 0.5277222222222222 0.08907407407407408 0.20330555555555554
8 0.22453703703703703 0.5336388888888889 0.08396296296296298 0.19391666666666668
8 0.09792592592592593 0.4961111111111111 0.09355555555555556 0.15591666666666668
2 0.4962777777777778 0.3759166666666667 0.032518518518518516 0.05733333333333333
5 0.29305555555555557 0.6078888888888889 0.023574074074074074 0.05905555555555556
5 0.16166666666666665 0.6325555555555555 0.02775925925925926 0.05683333333333333
5 0.0689074074074074 0.6125555555555556 0.028981481481481483 0.0546388888888889
5 0.45285185185185184 0.609 0.02011111111111111 0.04925
5 0.49098148148148146 0.6263055555555556 0.017314814814814814 0.044333333333333336
5 0.5985185185185184 0.6216388888888889 0.03648148148148148 0.06933333333333333
5 0.6682407407407408 0.6447222222222222 0.029277777777777778 0.06222222222222222
5 0.8019444444444445 0.6396388888888889 0.026314814814814815 0.06925
5 0.9392777777777778 0.6368888888888888 0.02259259259259259 0.06033333333333333
7 0.11 0.3933888888888889 0.03209259259259259 0.04075
7 0.23044444444444445 0.4141388888888889 0.03585185185185185 0.028972222222222222
7 0.5237037037037037 0.39638888888888885 0.03237037037037037 0.034749999999999996
7 0.7311296296296297 0.4098333333333333 0.02907407407407407 0.028999999999999998
7 0.8991111111111111 0.39875000000000005 0.04192592592592593 0.03086111111111111
0 0.2095925925925926 0.8695277777777777 0.048407407407407406 0.0763611111111111
0 0.12383333333333334 0.8756666666666667 0.033351851851851855 0.042333333333333334
0 0.4808148148148148 0.88 0.04764814814814815 0.05544444444444445
0 0.5235 0.8986388888888889 0.04338888888888889 0.03286111111111111
0 0.5644814814814815 0.8576666666666667 0.03953703703703704 0.07358333333333333
9 0.9131296296296296 0.5775 0.12618518518518518 0.5430277777777778
9 0.7379629629629629 0.6165555555555555 0.155 0.5733055555555555
9 0.5470185185185185 0.6119444444444445 0.13905555555555557 0.6029444444444445
9 0.4866296296296296 0.6278333333333334 0.0977037037037037 0.5650277777777778
9 0.22896296296296295 0.6186944444444444 0.15674074074074074 0.5849722222222222
9 0.10344444444444445 0.6112777777777778 0.12290740740740741 0.6038888888888889