10 0.2046875 0.6770833333333334 0.2984375 0.6402777777777777
10 0.70703125 0.6701388888888888 0.359375 0.6541666666666667
9 0.18714843750000001 0.5340972222222222 0.3629296875 0.9318194444444444
9 0.6555390625 0.500625 0.5042578125 0.9987361111111112
9 0.455609375 0.7159027777777779 0.38565625 0.5681805555555555
6 0.6754296875 0.05493055555555555 0.1775546875 0.09469444444444446
6 0.22442968749999997 0.12373611111111112 0.19034374999999998 0.10354166666666666
6 0.5465234375 0.6054305555555556 0.193890625 0.3396527777777778
7 0.2649140625 0.3150277777777778 0.0866484375 0.10479166666666667
7 0.5994296875 0.2645138888888889 0.0681796875 0.1527777777777778
7 0.50284375 0.8573194444444444 0.09232812500000001 0.10858333333333334
8 0.41015625 0.9223472222222223 0.23224218749999997 0.15530555555555556
5 0.4332421875 0.07576388888888888 0.0625 0.1515138888888889
5 0.65340625 0.9659027777777779 0.1178984375 0.06818055555555556