2 0.21966666666666668 0.2725 0.038 0.045
2 0.283 0.3255 0.038 0.055
2 0.421 0.413 0.03 0.06
2 0.4538866666666667 0.60722 0.05311333333333333 0.055560000000000005
2 0.606 0.65342 0.04563999999999999 0.054689999999999996
2 0.7893333333333333 0.718 0.06666666666666667 0.08
2 0.4025933333333333 0.48667 0.04370666666666667 0.05778
2 0.44926 0.30889 0.022959999999999998 0.03778
2 0.5974066666666666 0.34944 0.022959999999999998 0.02556
2 0.32778 0.31777999999999995 0.03185333333333333 0.03111
2 0.26259333333333335 0.29944 0.028886666666666665 0.04556
2 0.18037333333333333 0.28944 0.022959999999999998 0.04778
2 0.3796266666666667 0.31 0.022959999999999998 0.02889
7 0.7979466666666667 0.77115 0.02154 0.03
7 0.62282 0.69269 0.017946666666666666 0.02538
7 0.45666666666666667 0.6473099999999999 0.021026666666666666 0.02077
7 0.40076666666666666 0.52038 0.02205333333333333 0.02077
7 0.42692 0.45192 0.0159 0.01769
7 0.2820533333333333 0.35962 0.016413333333333335 0.01769
7 0.2174333333333333 0.30692 0.01436 0.02
10 0.7982066666666666 0.84996 0.09691999999999999 0.13377
10 0.6017933333333334 0.77992 0.08256666666666666 0.17077
10 0.44641333333333333 0.73185 0.07128 0.17462
10 0.3951266666666667 0.59108 0.06512666666666667 0.15308000000000002
10 0.41282 0.53185 0.06563999999999999 0.14231
10 0.28 0.42146 0.06563999999999999 0.12615
10 0.20974666666666666 0.35114999999999996 0.05538666666666667 0.12077
10 0.25538666666666665 0.35037999999999997 0.029746666666666664 0.06846
10 0.32692 0.40038 0.032306666666666664 0.10538
10 0.3746133333333333 0.38615 0.062053333333333335 0.12154000000000001
2 0.3082066666666667 0.33731 0.02358666666666667 0.039229999999999994
10 0.4525666666666667 0.38692000000000004 0.0559 0.10769
10 0.5925666666666667 0.40808 0.04154 0.08385
1 0.65564 0.37115 0.021026666666666666 0.03154
1 0.4153866666666667 0.64 0.030766666666666664 0.04
1 0.44256666666666666 0.74885 0.03179333333333333 0.03154
1 0.5605133333333333 0.8726900000000001 0.032819999999999995 0.03308
1 0.16820666666666667 0.35731 0.02256666666666667 0.02846
0 0.23179333333333332 0.5484600000000001 0.04 0.03692
0 0.18820666666666666 0.5515399999999999 0.029746666666666664 0.032310000000000005
0 0.2907666666666667 0.6130800000000001 0.03179333333333333 0.055380000000000006
0 0.2633333333333333 0.63962 0.0241 0.04231
0 0.4053866666666667 0.84538 0.030253333333333333 0.04462
9 0.5938466666666666 0.43923 0.04615333333333334 0.21691999999999997
9 0.6479466666666667 0.46654 0.08564000000000001 0.25154
9 0.8059 0.83269 0.11435999999999999 0.33462000000000003
9 0.6025666666666667 0.8111799999999999 0.10666666666666667 0.37765
9 0.45 0.75889 0.1 0.36077
9 0.39102666666666663 0.6658200000000001 0.08974666666666667 0.40846
9 0.41358666666666666 0.5408200000000001 0.09691999999999999 0.31077
9 0.27923333333333333 0.48731 0.09179333333333334 0.36385
9 0.20436 0.40654 0.09691999999999999 0.32846
9 0.15974666666666668 0.41692 0.07025333333333333 0.29692
9 0.25384666666666666 0.41614999999999996 0.04923333333333333 0.28154
9 0.32384666666666667 0.44462 0.05076666666666667 0.25692000000000004
9 0.37743333333333334 0.42077 0.06461333333333333 0.29538
9 0.4494866666666667 0.43231 0.05179333333333333 0.28614999999999996