10 0.4918181818181818 0.4645293315143247 0.15454545454545454 0.3519781718963165
10 0.32 0.47032742155525237 0.14272727272727273 0.3226466575716235
10 0.18136363636363637 0.6412005457025921 0.19272727272727272 0.5211459754433834
9 0.009545454545454546 0.17939972714870395 0.01090909090909091 0.1855388813096862 0.005909090909090909 0.20463847203274216 0.005909090909090909 0.21350613915416097 0.015909090909090907 0.25375170532060026 0.014545454545454545 0.30559345156889495 0.03409090909090909 0.37448840381991816 0.035454545454545454 0.4140518417462483 0.03909090909090909 0.44201909959072305 0.042727272727272725 0.5204638472032742 0.05 0.6091405184174625 0.056818181818181816 0.7462482946793997 0.05954545454545455 0.762619372442019 0.05954545454545455 0.7810368349249659 0.06636363636363636 0.8615279672578445 0.06636363636363636 0.8997271487039563 0.07 0.9297407912687585 0.07318181818181818 0.9863574351978172 0.07090909090909091 0.9993178717598908 0.05090909090909091 0.9993178717598908 0.04318181818181818 0.9959072305593452 0.028636363636363637 0.9972714870395635 0.028181818181818183 0.9993178717598908 0.01 0.9993178717598908 0 0.9931787175989086 0 0.9863574351978172 0.0022727272727272726 0.9843110504774898 0 0.9829467939972715 0 0.8799454297407913 0.0036363636363636364 0.8765347885402456 0.0036363636363636364 0.8731241473396999 0 0.8697135061391542 0 0.834924965893588 0.0022727272727272726 0.8328785811732605 0.0018181818181818182 0.8281036834924966 0 0.8274215552523875 0 0.18076398362892224 0.00909090909090909 0.17939972714870395
9 0.19272727272727272 0.20327421555252387 0.2131818181818182 0.208731241473397 0.225 0.22100954979536153 0.2340909090909091 0.24556616643929058 0.23681818181818182 0.2708049113233288 0.24181818181818182 0.2837653478854025 0.24136363636363636 0.2967257844474761 0.23045454545454547 0.32128240109140516 0.22818181818181818 0.3587994542974079 0.20863636363636365 0.38267394270122784 0.2059090909090909 0.39017735334242837 0.245 0.4379263301500682 0.2531818181818182 0.4843110504774898 0.26545454545454544 0.5320600272851296 0.2677272727272727 0.568212824010914 0.2840909090909091 0.6630286493860846 0.2872727272727273 0.7107776261937244 0.29 0.723055934515689 0.2881818181818182 0.7339699863574352 0.29318181818181815 0.7892223738062756 0.2922727272727273 0.8117326057298773 0.2972727272727273 0.8410641200545702 0.29318181818181815 0.8478854024556617 0.2409090909090909 0.8765347885402456 0.23227272727272727 0.9542974079126876 0.22590909090909092 0.9870395634379263 0.22227272727272726 0.995225102319236 0.21 0.9972714870395635 0.20954545454545453 0.9993178717598908 0.18227272727272728 0.995225102319236 0.16090909090909092 0.9965893587994543 0.15772727272727272 0.9993178717598908 0.1440909090909091 0.9993178717598908 0.14363636363636365 0.9972714870395635 0.12954545454545455 0.9993178717598908 0.12636363636363637 0.9945429740791268 0.125 0.9542974079126876 0.12636363636363637 0.9297407912687585 0.13 0.9092769440654843 0.12954545454545455 0.897680763983629 0.11272727272727273 0.8840381991814461 0.10909090909090909 0.8799454297407913 0.10727272727272727 0.8731241473396999 0.10909090909090909 0.8676671214188267 0.12363636363636364 0.8519781718963165 0.12954545454545455 0.8492496589358799 0.13136363636363638 0.845156889495225 0.14136363636363636 0.8417462482946794 0.145 0.8342428376534788 0.145 0.8267394270122783 0.12636363636363637 0.7837653478854024 0.12272727272727273 0.7633015006821282 0.11954545454545455 0.7203274215552524 0.11227272727272727 0.6998635743519782 0.11227272727272727 0.689631650750341 0.10590909090909091 0.6575716234652115 0.10681818181818181 0.6507503410641201 0.11318181818181818 0.6384720327421555 0.11181818181818182 0.6241473396998636 0.10727272727272727 0.6064120054570259 0.09727272727272727 0.5845839017735335 0.08590909090909091 0.5491132332878581 0.0890909090909091 0.495225102319236 0.09272727272727273 0.46998635743519784 0.08863636363636364 0.4542974079126876 0.08227272727272728 0.3765347885402456 0.08590909090909091 0.3717598908594816 0.11954545454545455 0.36766712141882674 0.13636363636363635 0.3553888130968622 0.14727272727272728 0.3315143246930423 0.1459090909090909 0.3096862210095498 0.13318181818181818 0.28512960436562074 0.13363636363636364 0.27694406548431105 0.13863636363636364 0.2653478854024557 0.1440909090909091 0.23806275579809005 0.15409090909090908 0.21964529331514324 0.1618181818181818 0.2121418826739427 0.17636363636363636 0.2053206002728513 0.19227272727272726 0.20327421555252387
9 0.30954545454545457 0.17939972714870395 0.3209090909090909 0.1882673942701228 0.3322727272727273 0.2100954979536153 0.3377272727272727 0.21623465211459755 0.3390909090909091 0.22305593451568895 0.3368181818181818 0.23260572987721692 0.3390909090909091 0.24829467939972716 0.3377272727272727 0.2653478854024557 0.3422727272727273 0.27216916780354705 0.3563636363636364 0.28240109140518416 0.35545454545454547 0.2939972714870396 0.37272727272727274 0.30286493860845837 0.37772727272727274 0.3096862210095498 0.39136363636363636 0.34924965893587995 0.3968181818181818 0.3717598908594816 0.3936363636363636 0.3922237380627558 0.38681818181818184 0.4024556616643929 0.3831818181818182 0.4024556616643929 0.3795454545454545 0.40654843110504774 0.37454545454545457 0.42701227830832195 0.36818181818181817 0.44201909959072305 0.36772727272727274 0.4536152796725784 0.3690909090909091 0.4590723055934516 0.37545454545454543 0.4679399727148704 0.3940909090909091 0.4815825375170532 0.39954545454545454 0.495225102319236 0.3981818181818182 0.5102319236016372 0.3890909090909091 0.5272851296043656 0.3922727272727273 0.5538881309686221 0.39090909090909093 0.6159618008185539 0.3936363636363636 0.694406548431105 0.3986363636363636 0.7414733969986358 0.3981818181818182 0.7585266030013642 0.405 0.800818553888131 0.4081818181818182 0.810368349249659 0.3981818181818182 0.8240109140518418 0.3977272727272727 0.8315143246930423 0.4 0.844474761255116 0.4122727272727273 0.8635743519781719 0.4222727272727273 0.8772169167803547 0.43772727272727274 0.8867667121418826 0.4409090909090909 0.8963165075034106 0.4395454545454546 0.9045020463847203 0.4209090909090909 0.907912687585266 0.4109090909090909 0.9051841746248295 0.4009090909090909 0.897680763983629 0.38227272727272726 0.8949522510231923 0.37636363636363634 0.8908594815825375 0.3759090909090909 0.8703956343792633 0.37863636363636366 0.8533424283765347 0.37863636363636366 0.8315143246930423 0.3759090909090909 0.8267394270122783 0.3690909090909091 0.82537517053206 0.3668181818181818 0.8185538881309686 0.35909090909090907 0.7598908594815825 0.3527272727272727 0.7271487039563438 0.3459090909090909 0.6596180081855388 0.3422727272727273 0.640518417462483 0.3386363636363636 0.6371077762619373 0.33636363636363636 0.6493860845839018 0.3377272727272727 0.6807639836289222 0.3340909090909091 0.7578444747612552 0.3386363636363636 0.7810368349249659 0.34 0.8124147339699863 0.3372727272727273 0.8246930422919508 0.3331818181818182 0.8321964529331515 0.3331818181818182 0.8383356070941337 0.34045454545454545 0.8840381991814461 0.3390909090909091 0.892905866302865 0.33454545454545453 0.9004092769440655 0.33454545454545453 0.9120054570259208 0.33136363636363636 0.9201909959072305 0.3277272727272727 0.9188267394270123 0.32636363636363636 0.902455661664393 0.3181818181818182 0.6657571623465212 0.31545454545454543 0.640518417462483 0.3131818181818182 0.5491132332878581 0.30954545454545457 0.5122783083219645 0.31136363636363634 0.5075034106412005 0.3090909090909091 0.49113233287858116 0.30636363636363634 0.39972714870395637 0.3018181818181818 0.32332878581173263 0.29818181818181816 0.31855388813096863 0.28954545454545455 0.31923601637107774 0.2859090909090909 0.3315143246930423 0.28909090909090907 0.41132332878581174 0.2909090909090909 0.4154160982264666 0.2909090909090909 0.451568894952251 0.29363636363636364 0.46998635743519784 0.2918181818181818 0.47544338335607095 0.2927272727272727 0.5020463847203275 0.29409090909090907 0.5081855388813097 0.29818181818181816 0.5122783083219645 0.295 0.5177353342428377 0.29409090909090907 0.5607094133697135 0.2972727272727273 0.5934515688949522 0.3004545454545455 0.7100954979536153 0.3040909090909091 0.7578444747612552 0.30363636363636365 0.7735334242837654 0.3013636363636364 0.7762619372442019 0.3004545454545455 0.7878581173260573 0.29954545454545456 0.7762619372442019 0.2963636363636364 0.7701227830832197 0.2927272727272727 0.7339699863574352 0.2922727272727273 0.7060027285129604 0.28954545454545455 0.6889495225102319 0.2909090909090909 0.6766712141882674 0.2872727272727273 0.6439290586630286 0.2872727272727273 0.626193724420191 0.2809090909090909 0.582537517053206 0.27954545454545454 0.5457025920873124 0.27636363636363637 0.5334242837653479 0.26454545454545453 0.5136425648021828 0.26136363636363635 0.5040927694406548 0.25045454545454543 0.45566166439290584 0.24954545454545454 0.4427012278308322 0.2431818181818182 0.41814461118690316 0.2409090909090909 0.40109140518417463 0.24227272727272728 0.373806275579809 0.25181818181818183 0.33083219645293316 0.2636363636363636 0.3171896316507503 0.2872727272727273 0.30218281036834926 0.29 0.2967257844474761 0.28545454545454546 0.25306957708049116 0.2781818181818182 0.24556616643929058 0.2768181818181818 0.208731241473397 0.2786363636363636 0.1984993178717599 0.2927272727272727 0.1800818553888131 0.3090909090909091 0.17939972714870395
9 0.4822727272727273 0.16098226466575716 0.49772727272727274 0.17394270122783084 0.5072727272727273 0.19236016371077763 0.5118181818181818 0.21759890859481582 0.5054545454545455 0.22442019099590724 0.5059090909090909 0.24351978171896316 0.5077272727272727 0.24693042291950887 0.5154545454545455 0.2503410641200546 0.5172727272727272 0.2653478854024557 0.5168181818181818 0.2837653478854025 0.54 0.2933151432469304 0.5536363636363636 0.3042291950886767 0.5581818181818182 0.30900409276944063 0.57 0.334924965893588 0.5954545454545455 0.4147339699863574 0.6 0.4508867667121419 0.6104545454545455 0.47544338335607095 0.6118181818181818 0.4829467939972715 0.6245454545454545 0.5061391541609823 0.6345454545454545 0.5320600272851296 0.635 0.5395634379263301 0.6331818181818182 0.5457025920873124 0.6195454545454545 0.5641200545702592 0.615909090909091 0.5648021828103683 0.6122727272727273 0.5600272851296043 0.6090909090909091 0.5600272851296043 0.5745454545454546 0.5088676671214188 0.5622727272727273 0.4733969986357435 0.5531818181818182 0.461118690313779 0.5513636363636364 0.46521145975443384 0.5509090909090909 0.5088676671214188 0.5536363636363636 0.616643929058663 0.5477272727272727 0.6268758526603001 0.5518181818181818 0.6534788540245566 0.5513636363636364 0.6609822646657572 0.5322727272727272 0.6869031377899045 0.5286363636363637 0.7019099590723056 0.5113636363636364 0.7237380627557981 0.5068181818181818 0.7169167803547067 0.5 0.6739427012278308 0.49454545454545457 0.6589358799454298 0.49318181818181817 0.6718963165075034 0.49772727272727274 0.6923601637107776 0.49772727272727274 0.7005457025920873 0.4940909090909091 0.7128240109140518 0.49454545454545457 0.7442019099590723 0.4668181818181818 0.781718963165075 0.46090909090909093 0.786493860845839 0.45545454545454545 0.7755798090040927 0.4490909090909091 0.7407912687585266 0.44 0.6521145975443383 0.4359090909090909 0.626193724420191 0.4318181818181818 0.6200545702592087 0.4304545454545455 0.6125511596180082 0.4309090909090909 0.504774897680764 0.42954545454545456 0.49045020463847205 0.43136363636363634 0.46521145975443384 0.42863636363636365 0.46248294679399726 0.42 0.47066848567530695 0.40863636363636363 0.4747612551159618 0.395 0.4733969986357435 0.37318181818181817 0.461118690313779 0.37 0.451568894952251 0.3709090909090909 0.43997271487039563 0.38 0.41814461118690316 0.39136363636363636 0.4120054570259209 0.39181818181818184 0.4051841746248295 0.3977272727272727 0.3922237380627558 0.40136363636363637 0.373806275579809 0.4240909090909091 0.3178717598908595 0.45454545454545453 0.28171896316507505 0.45227272727272727 0.23874488403819918 0.44272727272727275 0.2305593451568895 0.4495454545454545 0.21691678035470668 0.4509090909090909 0.19781718963165076 0.455 0.1834924965893588 0.4690909090909091 0.165075034106412 0.4818181818181818 0.16098226466575716
2 0.4822727272727273 0.16030013642564803 0.48818181818181816 0.16371077762619374 0.5022727272727273 0.17939972714870395 0.5068181818181818 0.18894952251023192 0.5127272727272727 0.21759890859481582 0.47863636363636364 0.23533424283765347 0.4586363636363636 0.2373806275579809 0.445 0.23465211459754434 0.44181818181818183 0.2305593451568895 0.4490909090909091 0.21691678035470668 0.4527272727272727 0.1882673942701228 0.4690909090909091 0.16439290586630287 0.4818181818181818 0.16030013642564803
2 0.31 0.17871759890859482 0.3245454545454545 0.19236016371077763 0.33181818181818185 0.208731241473397 0.3381818181818182 0.21623465211459755 0.33954545454545454 0.22373806275579808 0.3377272727272727 0.23124147339699863 0.3327272727272727 0.23669849931787176 0.32136363636363635 0.24556616643929058 0.30727272727272725 0.2503410641200546 0.2786363636363636 0.247612551159618 0.27636363636363637 0.20941336971350613 0.2790909090909091 0.19645293315143247 0.2909090909090909 0.18076398362892224 0.30954545454545457 0.17871759890859482
2 0.1940909090909091 0.20259208731241474 0.2131818181818182 0.20804911323328787 0.2240909090909091 0.21759890859481582 0.2340909090909091 0.24283765347885403 0.23727272727272727 0.27012278308321963 0.24272727272727274 0.2844474761255116 0.2431818181818182 0.29263301500682126 0.23772727272727273 0.3042291950886767 0.22727272727272727 0.30900409276944063 0.2059090909090909 0.31582537517053205 0.18545454545454546 0.31923601637107774 0.17045454545454544 0.31855388813096863 0.16818181818181818 0.32128240109140516 0.1709090909090909 0.32332878581173263 0.18272727272727274 0.32401091405184174 0.17863636363636365 0.33424283765347884 0.17545454545454545 0.33560709413369716 0.1618181818181818 0.334924965893588 0.15454545454545454 0.33083219645293316 0.15045454545454545 0.32401091405184174 0.15 0.3178717598908595 0.15545454545454546 0.3144611186903138 0.14863636363636365 0.31105047748976805 0.13954545454545456 0.2994542974079127 0.1340909090909091 0.2892223738062756 0.13272727272727272 0.27967257844474763 0.13863636363636364 0.2646657571623465 0.14227272727272727 0.2407912687585266 0.14681818181818182 0.2291950886766712 0.155 0.21759890859481582 0.1731818181818182 0.20600272851296045 0.19363636363636363 0.20259208731241474
2 0 0.015006821282401092 0.005 0.023874488403819918 0.008636363636363636 0.03751705320600273 0.01090909090909091 0.07776261937244201 0.013181818181818182 0.08594815825375171 0.012272727272727272 0.09549795361527967 0 0.10368349249658936 0 0.015688949522510234
7 0.47161818181818177 0.2708117326057299 0.04778181818181818 0.05049113233287858
7 0.32110909090909096 0.28113233287858114 0.06721363636363636 0.06431787175989086
7 0.21902272727272729 0.3419849931787176 0.05622272727272727 0.07346521145975443
0 0.40136363636363637 0.8478854024556617 0.4059090909090909 0.8512960436562074 0.42 0.8758526603001364 0.43454545454545457 0.883356070941337 0.4395454545454546 0.8894952251023193 0.44136363636363635 0.8956343792633015 0.44045454545454543 0.9045020463847203 0.42863636363636365 0.9085948158253752 0.41409090909090907 0.9072305593451568 0.4009090909090909 0.8983628922237381 0.38272727272727275 0.8963165075034106 0.37681818181818183 0.892905866302865 0.37636363636363634 0.8697135061391542 0.3795454545454545 0.854706684856753 0.3836363636363636 0.859481582537517 0.39090909090909093 0.8601637107776262 0.3977272727272727 0.8492496589358799 0.4009090909090909 0.8478854024556617
1 0.39866363636363633 0.43995225102319235 0.06531818181818182 0.10266030013642564
1 0.3883772727272727 0.4411800818553888 0.06085454545454545 0.07057298772169167