0 0.017578 0.608398 0.034946 0.270442
0 0.184570 0.647461 0.037651 0.320361
0 0.398438 0.647461 0.067428 0.307598
0 0.717773 0.651367 0.047727 0.270442
0 0.287109 0.666992 0.047727 0.349860
0 0.846680 0.674805 0.072155 0.354633
0 0.791992 0.678711 0.092087 0.364376
0 0.670898 0.686523 0.075148 0.342820
0 0.215820 0.709961 0.097877 0.511306
0 0.322266 0.709961 0.097877 0.461893
0 0.569336 0.717773 0.102631 0.554616
0 0.488281 0.725586 0.117526 0.490936
1 0.330078 0.500000 0.034946 0.037396
1 0.193359 0.502930 0.020050 0.031569
1 0.784180 0.514648 0.032437 0.037396
1 0.854492 0.518555 0.032437 0.037396
1 0.713867 0.530273 0.025073 0.025937
4 0.577148 0.612305 0.087228 0.183800
