1 0.465625 0.396875 0.034375 0.078125
1 0.516406 0.411719 0.042188 0.082812
5 0.425000 0.392188 0.034375 0.068750
5 0.423438 0.449219 0.040625 0.073438
5 0.367969 0.447656 0.039062 0.076563
7 0.477344 0.700000 0.032813 0.059375
7 0.513281 0.760156 0.045312 0.048438
7 0.516406 0.710938 0.032813 0.040625
7 0.453125 0.801562 0.034375 0.056250
7 0.426563 0.785156 0.028125 0.060937
7 0.380469 0.785937 0.048438 0.068750
7 0.368750 0.742188 0.040625 0.046875
1 0.632812 0.281250 0.034375 0.050000
7 0.609375 0.456250 0.046875 0.046875
