1 0.307812 0.234375 0.062500 0.118750
1 0.334375 0.300000 0.065625 0.100000
1 0.328906 0.358594 0.073438 0.101562
1 0.405469 0.290625 0.070312 0.121875
1 0.444531 0.245313 0.060937 0.125000
1 0.526563 0.244531 0.062500 0.117188
1 0.480469 0.351563 0.051562 0.109375
1 0.629687 0.244531 0.056250 0.126562
1 0.672656 0.234375 0.054688 0.121875
1 0.858594 0.158594 0.051562 0.120312
1 0.639844 0.750781 0.079688 0.154688
3 0.864062 0.710938 0.062500 0.071875
3 0.886719 0.724219 0.060937 0.064062
3 0.701563 0.794531 0.065625 0.079687
3 0.532031 0.760156 0.048438 0.054688
3 0.307031 0.778125 0.051562 0.065625
3 0.328906 0.807813 0.035937 0.068750
3 0.422656 0.803125 0.042188 0.053125
3 0.470313 0.813281 0.046875 0.035937
3 0.549219 0.848437 0.042188 0.065625
