5 0.050000 0.312500 0.025000 0.053125
5 0.073438 0.303906 0.021875 0.048438
7 0.078906 0.548438 0.026562 0.034375
7 0.072656 0.535937 0.017188 0.037500
7 0.085938 0.490625 0.018750 0.040625
7 0.107813 0.501563 0.018750 0.046875
1 0.282813 0.431250 0.046875 0.090625
5 0.282813 0.471094 0.040625 0.095312
5 0.346875 0.423438 0.034375 0.090625
7 0.390625 0.765625 0.034375 0.062500
7 0.348438 0.727344 0.040625 0.048438
7 0.342188 0.840625 0.040625 0.068750
7 0.303125 0.850000 0.025000 0.068750
7 0.302344 0.905469 0.026562 0.048438
