5 0.942187 0.822656 0.096875 0.267187
5 0.315625 0.392969 0.037500 0.064062
5 0.337500 0.385156 0.034375 0.073438
7 0.338281 0.728906 0.032813 0.073438
7 0.369531 0.668750 0.023438 0.068750
7 0.340625 0.653125 0.025000 0.031250
7 0.336719 0.696094 0.032813 0.032813
7 0.183594 0.895312 0.042188 0.056250
7 0.206250 0.903906 0.021875 0.035937
7 0.157031 0.759375 0.026562 0.056250
5 0.159375 0.503125 0.040625 0.096875
5 0.092188 0.314063 0.025000 0.050000
5 0.133594 0.309375 0.020313 0.062500
1 0.134375 0.418750 0.037500 0.078125
