5 0.039063 0.265625 0.018750 0.037500
5 0.022656 0.294531 0.017188 0.039062
1 0.047656 0.361719 0.026562 0.067187
5 0.081250 0.420312 0.034375 0.078125
7 0.085938 0.716406 0.028125 0.060937
7 0.142188 0.739062 0.031250 0.059375
7 0.388281 0.953125 0.054688 0.093750
7 0.362500 0.917969 0.046875 0.085938
7 0.521875 0.967969 0.046875 0.064062
7 0.600781 0.919531 0.048438 0.054688
7 0.628906 0.875000 0.032813 0.062500
5 0.600000 0.494531 0.059375 0.110937
5 0.520312 0.423438 0.062500 0.131250
5 0.365625 0.469531 0.065625 0.110937
7 0.544531 0.928125 0.035937 0.090625
