5 0.314844 0.426563 0.048438 0.071875
5 0.441406 0.384375 0.048438 0.084375
7 0.339063 0.753906 0.046875 0.067187
7 0.371094 0.732031 0.039062 0.057813
7 0.417188 0.718750 0.037500 0.062500
7 0.448438 0.739844 0.050000 0.048438
3 0.842969 0.535156 0.026562 0.064062
3 0.877344 0.542969 0.026562 0.042188
7 0.861719 0.584375 0.032813 0.056250
7 0.904687 0.585156 0.031250 0.042188
5 0.882031 0.325000 0.029687 0.046875
5 0.900000 0.322656 0.018750 0.048438
5 0.911719 0.342969 0.032813 0.054688
7 0.859375 0.490625 0.018750 0.037500
