1 0.482812 0.402344 0.040625 0.067187
1 0.491406 0.342188 0.035937 0.071875
5 0.367188 0.331250 0.034375 0.068750
5 0.500781 0.475781 0.045312 0.079687
5 0.114063 0.366406 0.028125 0.057813
5 0.131250 0.456250 0.040625 0.071875
5 0.073438 0.419531 0.021875 0.057813
7 0.496094 0.858594 0.039062 0.054688
7 0.460938 0.724219 0.025000 0.051562
7 0.157031 0.753125 0.014063 0.031250
7 0.172656 0.769531 0.026562 0.048438
7 0.117188 0.698438 0.031250 0.040625
7 0.521094 0.810156 0.029687 0.057813
7 0.366406 0.615625 0.029687 0.034375
7 0.387500 0.596875 0.028125 0.018750
