5 0.842969 0.325781 0.026562 0.054688
1 0.845313 0.286719 0.031250 0.054688
1 0.610156 0.301563 0.032813 0.062500
3 0.596094 0.576562 0.032813 0.040625
3 0.613281 0.531250 0.032813 0.050000
3 0.797656 0.461719 0.032813 0.042188
3 0.830469 0.481250 0.032813 0.018750
3 0.238281 0.968750 0.042188 0.062500
3 0.262500 0.965625 0.043750 0.062500
3 0.666406 0.182813 0.014063 0.031250
3 0.682813 0.182031 0.015625 0.026562
3 0.715625 0.200781 0.018750 0.042188
3 0.728906 0.185938 0.017188 0.031250
5 0.678906 0.011719 0.017188 0.023438
5 0.736719 0.012500 0.020313 0.025000
1 0.833594 0.391406 0.029687 0.048438
2 0.619531 0.391406 0.032813 0.035937
2 0.580469 0.356250 0.023438 0.040625
2 0.275781 0.796094 0.048438 0.067187
2 0.265625 0.834375 0.056250 0.046875
