5 0.545312 0.383594 0.046875 0.079687
7 0.547656 0.607031 0.032813 0.048438
5 0.652344 0.248438 0.026562 0.040625
5 0.706250 0.257813 0.021875 0.037500
5 0.714844 0.273438 0.020313 0.040625
5 0.753906 0.235938 0.020313 0.043750
7 0.642969 0.435937 0.023438 0.031250
7 0.660937 0.439063 0.028125 0.034375
7 0.687500 0.422656 0.018750 0.026562
7 0.707812 0.428125 0.012500 0.021875
7 0.701562 0.475000 0.018750 0.028125
7 0.721875 0.475000 0.015625 0.031250
7 0.734375 0.441406 0.025000 0.023438
7 0.749219 0.452344 0.020313 0.035937
