5 0.091406 0.427344 0.039062 0.067187
5 0.115625 0.365625 0.040625 0.059375
5 0.129688 0.452344 0.040625 0.064062
5 0.369531 0.341406 0.042188 0.073438
5 0.377344 0.463281 0.048437 0.082812
1 0.471875 0.360938 0.046875 0.087500
1 0.518750 0.389844 0.050000 0.085937
7 0.374219 0.846094 0.035937 0.073438
7 0.156250 0.750781 0.025000 0.042188
7 0.171875 0.762500 0.025000 0.056250
7 0.116406 0.675781 0.029687 0.032813
7 0.117969 0.717187 0.032813 0.037500
7 0.400781 0.821094 0.029688 0.067187
7 0.175000 0.625781 0.018750 0.032813
7 0.183594 0.660937 0.014063 0.034375
7 0.523438 0.743750 0.043750 0.056250
7 0.479688 0.746094 0.040625 0.051562
