1 0.514844 0.393750 0.048438 0.078125
1 0.471875 0.359375 0.031250 0.068750
5 0.374219 0.340625 0.039063 0.068750
5 0.387500 0.462500 0.046875 0.084375
5 0.117188 0.364844 0.034375 0.060937
5 0.125781 0.460156 0.042188 0.073438
5 0.090625 0.425000 0.031250 0.065625
7 0.375781 0.834375 0.026562 0.040625
7 0.157031 0.753125 0.014063 0.031250
7 0.172656 0.769531 0.026562 0.048438
7 0.116406 0.718750 0.029687 0.037500
7 0.400000 0.823438 0.021875 0.050000
7 0.181250 0.659375 0.009375 0.034375
7 0.482031 0.750000 0.042188 0.043750
7 0.521094 0.742188 0.026563 0.043750
7 0.114063 0.682813 0.031250 0.028125
