5 0.840625 0.322656 0.028125 0.054688
1 0.845313 0.286719 0.031250 0.054688
1 0.671094 0.199219 0.032813 0.060937
3 0.646094 0.428125 0.032813 0.040625
3 0.668750 0.451562 0.018750 0.056250
3 0.797656 0.461719 0.032813 0.042188
3 0.830469 0.481250 0.032813 0.018750
3 0.230469 0.968750 0.042188 0.062500
3 0.256250 0.961719 0.043750 0.064062
2 0.637500 0.316406 0.025000 0.057813
2 0.690625 0.331250 0.021875 0.065625
1 0.832812 0.396875 0.018750 0.046875
1 0.269531 0.757812 0.039062 0.059375
2 0.253906 0.817969 0.048438 0.060937
2 0.285938 0.732812 0.028125 0.050000
