5 0.074219 0.417187 0.039062 0.065625
5 0.114063 0.364063 0.040625 0.059375
5 0.135938 0.432812 0.040625 0.065625
5 0.364844 0.323438 0.042188 0.062500
5 0.494531 0.460938 0.048438 0.084375
1 0.454688 0.335938 0.046875 0.087500
1 0.376563 0.486719 0.059375 0.107813
7 0.371094 0.796094 0.032813 0.045312
7 0.400000 0.804688 0.037500 0.056250
7 0.496875 0.853125 0.037500 0.062500
7 0.158594 0.752344 0.035937 0.054688
7 0.179688 0.729688 0.018750 0.056250
7 0.100000 0.672656 0.028125 0.026562
7 0.118750 0.700000 0.031250 0.037500
