1 0.310937 0.184375 0.043750 0.087500
1 0.309375 0.478906 0.050000 0.085938
1 0.221094 0.600781 0.057813 0.092188
3 0.262500 0.797656 0.050000 0.051562
3 0.240625 0.812500 0.040625 0.065625
3 0.342188 0.688281 0.046875 0.064062
1 0.769531 0.419531 0.054688 0.107813
3 0.689844 0.613281 0.054688 0.076563
3 0.721875 0.689844 0.053125 0.057813
3 0.331250 0.340625 0.037500 0.053125
3 0.292969 0.331250 0.048438 0.050000
3 0.607031 0.418750 0.032813 0.046875
3 0.631250 0.407031 0.025000 0.054687
1 0.639062 0.080469 0.037500 0.085938
2 0.196875 0.635938 0.028125 0.037500
2 0.317969 0.311719 0.023438 0.070312
2 0.298438 0.314844 0.025000 0.054688
