5 0.074219 0.417187 0.039062 0.065625
5 0.114063 0.364063 0.040625 0.059375
5 0.129688 0.429688 0.040625 0.065625
5 0.361719 0.329688 0.042188 0.062500
5 0.494531 0.460938 0.048438 0.084375
1 0.450781 0.334375 0.048438 0.087500
1 0.376563 0.486719 0.059375 0.107813
7 0.382813 0.892188 0.031250 0.068750
7 0.410938 0.842187 0.037500 0.056250
7 0.496875 0.853125 0.037500 0.062500
7 0.158594 0.752344 0.035937 0.054688
7 0.179688 0.729688 0.018750 0.056250
7 0.106250 0.674219 0.028125 0.026562
7 0.106250 0.717187 0.031250 0.037500
