1 0.301563 0.232031 0.053125 0.104687
1 0.375000 0.346094 0.053125 0.117188
1 0.329688 0.299219 0.053125 0.092188
1 0.427344 0.264063 0.045312 0.106250
1 0.512500 0.348438 0.053125 0.109375
1 0.635156 0.248438 0.045312 0.115625
1 0.671094 0.239063 0.057813 0.125000
1 0.838281 0.175000 0.054688 0.118750
3 0.865625 0.707031 0.053125 0.067187
3 0.885938 0.717969 0.053125 0.064062
3 0.697656 0.810937 0.076563 0.046875
3 0.666406 0.785156 0.026562 0.035937
3 0.641406 0.777344 0.048438 0.060937
1 0.523438 0.245313 0.050000 0.106250
1 0.562500 0.245313 0.046875 0.106250
3 0.306250 0.777344 0.034375 0.054688
3 0.325781 0.810937 0.023438 0.075000
3 0.543750 0.853906 0.034375 0.032813
3 0.572656 0.805469 0.042188 0.039062
3 0.599219 0.750000 0.026563 0.078125
1 0.410156 0.296094 0.054688 0.107813
3 0.472656 0.769531 0.026562 0.029687
3 0.517969 0.770312 0.020313 0.034375
