5 0.008594 0.325000 0.017188 0.059375
5 0.028125 0.310156 0.018750 0.039062
7 0.049219 0.531250 0.023438 0.034375
7 0.010156 0.536719 0.020313 0.039062
7 0.046094 0.501563 0.020313 0.028125
7 0.053906 0.480469 0.017188 0.035937
5 0.291406 0.466406 0.048438 0.114062
1 0.366406 0.450000 0.042188 0.090625
5 0.442188 0.453125 0.037500 0.093750
7 0.353125 0.750000 0.050000 0.046875
7 0.388281 0.802344 0.023438 0.064062
7 0.343750 0.839063 0.034375 0.062500
7 0.405469 0.774219 0.029688 0.085938
7 0.460938 0.814063 0.046875 0.062500
7 0.314063 0.928906 0.037500 0.060937
