1 0.381250 0.487500 0.056250 0.090625
1 0.452344 0.332031 0.035937 0.079687
5 0.363281 0.326563 0.035937 0.068750
5 0.497656 0.464062 0.048438 0.081250
5 0.114063 0.364063 0.025000 0.065625
5 0.136719 0.434375 0.039062 0.062500
5 0.078125 0.425000 0.028125 0.062500
7 0.494531 0.857031 0.042188 0.054688
7 0.409375 0.841406 0.034375 0.048438
7 0.385156 0.894531 0.032813 0.035937
7 0.160938 0.756250 0.018750 0.040625
7 0.177344 0.732812 0.017188 0.043750
7 0.108594 0.718750 0.020313 0.031250
7 0.108594 0.677344 0.017188 0.023438
