1 0.503125 0.450000 0.037500 0.040625
1 0.467187 0.361719 0.037500 0.079687
5 0.372656 0.331250 0.039063 0.068750
5 0.406250 0.465625 0.046875 0.084375
5 0.117188 0.364844 0.034375 0.060937
5 0.131250 0.456250 0.040625 0.071875
5 0.077344 0.428906 0.026563 0.064062
7 0.400000 0.833594 0.031250 0.057813
7 0.157031 0.753125 0.014063 0.031250
7 0.172656 0.769531 0.026562 0.048438
7 0.117188 0.698438 0.031250 0.040625
7 0.450781 0.842187 0.035937 0.050000
7 0.366406 0.615625 0.029687 0.034375
7 0.181250 0.659375 0.009375 0.034375
7 0.479688 0.718750 0.021875 0.034375
7 0.510938 0.623437 0.031250 0.034375
