1 0.310937 0.184375 0.043750 0.087500
1 0.309375 0.478906 0.050000 0.085938
1 0.221094 0.600781 0.057813 0.092188
3 0.262500 0.797656 0.050000 0.051562
3 0.240625 0.812500 0.040625 0.065625
3 0.342188 0.688281 0.046875 0.064062
1 0.769531 0.419531 0.054688 0.107813
3 0.689844 0.617188 0.054688 0.059375
3 0.721875 0.689844 0.053125 0.057813
3 0.331250 0.340625 0.037500 0.053125
3 0.292969 0.331250 0.048438 0.050000
3 0.610156 0.350000 0.032813 0.046875
3 0.632812 0.320313 0.025000 0.056250
1 0.628125 0.035156 0.037500 0.070313
2 0.319531 0.302344 0.023438 0.060937
2 0.296094 0.310156 0.023438 0.048438
2 0.189063 0.635156 0.025000 0.039062
