5 0.077344 0.422656 0.039063 0.067187
5 0.112500 0.364063 0.040625 0.059375
5 0.129688 0.454688 0.040625 0.065625
5 0.365625 0.339063 0.043750 0.062500
5 0.402344 0.468750 0.048437 0.084375
1 0.468750 0.351563 0.046875 0.087500
1 0.503906 0.457031 0.032813 0.060937
7 0.392969 0.827344 0.035938 0.073438
7 0.156250 0.750781 0.025000 0.042188
7 0.171875 0.762500 0.025000 0.056250
7 0.098438 0.678906 0.028125 0.026562
7 0.118750 0.700000 0.031250 0.037500
7 0.426563 0.848437 0.028125 0.065625
7 0.175000 0.625781 0.018750 0.032813
7 0.183594 0.660937 0.014063 0.034375
7 0.507812 0.618750 0.043750 0.056250
7 0.481250 0.716406 0.028125 0.051562
