1 0.413281 0.421094 0.048437 0.089062
1 0.454688 0.335156 0.034375 0.079687
5 0.367188 0.328125 0.034375 0.068750
5 0.511719 0.457813 0.045312 0.081250
5 0.114063 0.366406 0.028125 0.057813
5 0.130469 0.440625 0.039062 0.062500
5 0.076563 0.417187 0.028125 0.062500
7 0.496094 0.858594 0.039062 0.054688
7 0.464063 0.739062 0.037500 0.053125
7 0.375000 0.758594 0.025000 0.051562
7 0.157031 0.753125 0.014063 0.031250
7 0.172656 0.769531 0.026562 0.048438
7 0.117188 0.698438 0.031250 0.040625
7 0.521094 0.810156 0.029687 0.057813
