1 0.505469 0.454688 0.039062 0.043750
1 0.467187 0.361719 0.037500 0.079687
5 0.366406 0.337500 0.039063 0.068750
5 0.391406 0.471875 0.045312 0.084375
5 0.117188 0.364844 0.034375 0.060937
5 0.131250 0.456250 0.040625 0.071875
5 0.077344 0.428906 0.026563 0.064062
7 0.401563 0.828906 0.025000 0.057813
7 0.157031 0.753125 0.014063 0.031250
7 0.172656 0.769531 0.026562 0.048438
7 0.117188 0.698438 0.031250 0.040625
7 0.417969 0.859375 0.023438 0.050000
7 0.181250 0.659375 0.009375 0.034375
7 0.479688 0.718750 0.021875 0.034375
7 0.508594 0.624219 0.032813 0.029687
