3 0.518750 0.582812 0.046875 0.046875
3 0.480469 0.584375 0.032813 0.043750
3 0.414062 0.495312 0.021875 0.046875
3 0.439063 0.521875 0.050000 0.056250
1 0.461719 0.342969 0.048438 0.085938
3 0.672656 0.881250 0.045312 0.068750
5 0.785937 0.745313 0.037500 0.084375
5 0.692969 0.596875 0.045312 0.090625
1 0.850781 0.514063 0.045312 0.100000
3 0.702344 0.885938 0.035937 0.056250
3 0.842187 0.864844 0.031250 0.073438
2 0.524219 0.448437 0.035937 0.053125
1 0.560937 0.315625 0.040625 0.062500
2 0.475781 0.419531 0.032813 0.079687
2 0.475000 0.384375 0.046875 0.059375
1 0.813281 0.950781 0.048437 0.098437
