5 0.318750 0.423438 0.040625 0.084375
5 0.445312 0.382813 0.043750 0.084375
7 0.336719 0.752344 0.039062 0.067187
7 0.368750 0.732031 0.046875 0.060937
7 0.417969 0.718750 0.035938 0.059375
7 0.451563 0.742188 0.043750 0.050000
5 0.918750 0.335938 0.028125 0.050000
5 0.939063 0.332031 0.025000 0.045312
5 0.949219 0.354688 0.032813 0.046875
3 0.874219 0.542188 0.032813 0.046875
7 0.892969 0.517188 0.026562 0.053125
7 0.921094 0.551563 0.026562 0.046875
7 0.904687 0.593750 0.028125 0.037500
7 0.939844 0.606250 0.029687 0.046875
