1 0.547656 0.713281 0.057813 0.101562
1 0.653906 0.200000 0.039062 0.071875
1 0.722656 0.206250 0.029687 0.062500
1 0.845313 0.275781 0.031250 0.048438
3 0.231250 0.974219 0.037500 0.051562
3 0.260938 0.969531 0.040625 0.054688
3 0.556250 0.975781 0.034375 0.048438
3 0.631250 0.391406 0.018750 0.064062
3 0.644531 0.421094 0.023438 0.035937
3 0.709375 0.448437 0.021875 0.050000
3 0.803906 0.472656 0.026562 0.026562
1 0.832031 0.317969 0.020313 0.051562
2 0.563281 0.855469 0.039062 0.067187
2 0.507813 0.767969 0.037500 0.070312
2 0.274219 0.814844 0.045312 0.073438
1 0.834375 0.395313 0.028125 0.059375
