1 0.646875 0.046094 0.053125 0.092188
1 0.421875 0.335156 0.056250 0.110937
1 0.735938 0.477344 0.053125 0.082813
1 0.774219 0.460938 0.060937 0.084375
1 0.753125 0.396875 0.053125 0.062500
3 0.401562 0.626563 0.028125 0.050000
3 0.422656 0.703906 0.051563 0.067187
3 0.688281 0.756250 0.067188 0.068750
3 0.663281 0.667188 0.057813 0.059375
3 0.734375 0.785937 0.053125 0.075000
3 0.632812 0.312500 0.034375 0.068750
3 0.652344 0.300781 0.029687 0.060937
2 0.057031 0.525000 0.017188 0.031250
1 0.021094 0.395313 0.039063 0.084375
