1 0.498437 0.388281 0.046875 0.073437
1 0.478125 0.356250 0.043750 0.078125
5 0.374219 0.337500 0.032813 0.071875
5 0.374219 0.467187 0.045312 0.087500
5 0.114063 0.364063 0.034375 0.065625
5 0.090625 0.422656 0.028125 0.067187
5 0.125781 0.452344 0.042188 0.067187
7 0.128906 0.714063 0.032813 0.046875
7 0.171094 0.768750 0.032813 0.056250
7 0.378125 0.846875 0.034375 0.062500
7 0.405469 0.824219 0.039063 0.064062
7 0.185156 0.658594 0.020313 0.042188
7 0.480469 0.717187 0.023438 0.050000
7 0.522656 0.743750 0.032813 0.043750
7 0.154688 0.756250 0.018750 0.037500
7 0.113281 0.684375 0.039062 0.025000
5 0.159375 0.390625 0.015625 0.040625
