5 0.842969 0.325781 0.026562 0.054688
1 0.845313 0.286719 0.031250 0.054688
1 0.561719 0.286719 0.032813 0.060937
3 0.599219 0.440625 0.032813 0.040625
3 0.642969 0.459375 0.020313 0.050000
3 0.797656 0.461719 0.032813 0.042188
3 0.830469 0.481250 0.032813 0.018750
3 0.238281 0.968750 0.042188 0.062500
3 0.262500 0.965625 0.043750 0.062500
2 0.577344 0.380469 0.023438 0.060937
2 0.611719 0.364063 0.029687 0.053125
1 0.832812 0.397656 0.025000 0.042188
2 0.259375 0.807813 0.037500 0.050000
2 0.279688 0.789062 0.046875 0.053125
