5 0.842969 0.325781 0.026562 0.054688
1 0.845313 0.286719 0.031250 0.054688
1 0.660156 0.220313 0.032813 0.062500
3 0.655469 0.482812 0.032813 0.040625
3 0.657031 0.453125 0.032813 0.050000
3 0.797656 0.461719 0.032813 0.042188
3 0.830469 0.481250 0.032813 0.018750
3 0.238281 0.968750 0.042188 0.062500
3 0.262500 0.965625 0.043750 0.062500
2 0.260156 0.810937 0.035937 0.053125
2 0.273438 0.788281 0.034375 0.054688
2 0.640625 0.282813 0.028125 0.043750
2 0.635938 0.299219 0.021875 0.035937
1 0.834375 0.395313 0.031250 0.062500
