5 0.025000 0.266406 0.018750 0.035937
5 0.014844 0.292969 0.017188 0.039062
1 0.028125 0.364844 0.025000 0.067187
5 0.039844 0.425000 0.029688 0.068750
7 0.085938 0.716406 0.028125 0.060937
7 0.068750 0.680469 0.028125 0.070312
7 0.298438 0.885938 0.025000 0.093750
7 0.367188 0.930469 0.046875 0.085938
7 0.514844 0.961719 0.048438 0.064062
7 0.628906 0.911719 0.048438 0.054688
7 0.675781 0.934375 0.032813 0.062500
5 0.656250 0.489844 0.059375 0.110937
5 0.548438 0.412500 0.062500 0.131250
5 0.339063 0.486719 0.065625 0.110937
