1 0.501563 0.456250 0.031250 0.065625
1 0.469531 0.360156 0.045312 0.076563
5 0.374219 0.340625 0.032813 0.071875
5 0.361719 0.479687 0.045312 0.087500
5 0.114063 0.364063 0.034375 0.065625
5 0.093750 0.428125 0.028125 0.068750
5 0.125781 0.452344 0.042188 0.067187
7 0.116406 0.703125 0.032813 0.046875
7 0.171094 0.768750 0.032813 0.056250
7 0.378906 0.843750 0.035937 0.062500
7 0.421875 0.830469 0.040625 0.064062
7 0.185156 0.658594 0.020313 0.042188
5 0.156250 0.392188 0.021875 0.046875
7 0.480469 0.717187 0.023438 0.050000
7 0.510156 0.619531 0.032813 0.042188
7 0.154688 0.756250 0.018750 0.037500
7 0.106250 0.672656 0.031250 0.026562
