5 0.074219 0.417187 0.039062 0.065625
5 0.114063 0.364063 0.040625 0.059375
5 0.129688 0.456250 0.040625 0.065625
5 0.367188 0.326563 0.043750 0.062500
5 0.502344 0.471875 0.048438 0.084375
1 0.486719 0.335938 0.048438 0.087500
1 0.468750 0.428906 0.059375 0.107812
7 0.456250 0.729688 0.021875 0.053125
7 0.475000 0.736719 0.034375 0.057813
7 0.493750 0.854688 0.037500 0.062500
7 0.156250 0.752344 0.025000 0.042188
7 0.171875 0.762500 0.025000 0.056250
7 0.098438 0.678906 0.028125 0.026562
7 0.118750 0.700000 0.031250 0.037500
7 0.517969 0.807031 0.045312 0.067187
7 0.360938 0.615625 0.043750 0.043750
7 0.387500 0.593750 0.034375 0.034375
