1 0.238281 0.419531 0.045312 0.067187
1 0.224219 0.593750 0.048438 0.096875
3 0.189844 0.680469 0.042188 0.042188
3 0.237500 0.807031 0.046875 0.060937
3 0.262500 0.787500 0.025000 0.043750
3 0.686719 0.624219 0.048438 0.079687
3 0.677344 0.749219 0.060938 0.064062
3 0.702344 0.759375 0.035937 0.046875
1 0.754687 0.423438 0.056250 0.100000
1 0.759375 0.474219 0.059375 0.095312
3 0.727344 0.694531 0.029687 0.039063
3 0.553906 0.362500 0.020313 0.062500
3 0.532031 0.390625 0.026562 0.046875
1 0.561719 0.040625 0.039062 0.078125
2 0.138281 0.771875 0.057813 0.065625
