1 0.505469 0.454688 0.039062 0.043750
1 0.471875 0.361719 0.037500 0.079687
5 0.383594 0.337500 0.039062 0.068750
5 0.352344 0.479687 0.045312 0.084375
5 0.117188 0.364844 0.034375 0.060937
5 0.123438 0.464062 0.040625 0.071875
5 0.093750 0.434375 0.028125 0.062500
7 0.375781 0.845313 0.026562 0.062500
7 0.157031 0.753125 0.014063 0.031250
7 0.172656 0.769531 0.026562 0.048438
7 0.117188 0.698438 0.031250 0.040625
7 0.418750 0.832812 0.031250 0.065625
7 0.181250 0.659375 0.009375 0.034375
7 0.479688 0.718750 0.021875 0.034375
7 0.510938 0.624219 0.031250 0.029687
