5 0.074219 0.417187 0.039062 0.065625
5 0.114063 0.364063 0.040625 0.059375
5 0.128125 0.443750 0.040625 0.065625
5 0.367188 0.326563 0.043750 0.062500
5 0.508594 0.464844 0.048438 0.082812
1 0.454688 0.335938 0.046875 0.087500
1 0.403125 0.421094 0.059375 0.107812
7 0.375781 0.758594 0.032813 0.067187
7 0.450000 0.742188 0.050000 0.065625
7 0.493750 0.854688 0.037500 0.062500
7 0.156250 0.752344 0.025000 0.042188
7 0.178125 0.742188 0.018750 0.056250
7 0.098438 0.678906 0.028125 0.026562
7 0.118750 0.700000 0.031250 0.037500
7 0.519531 0.808594 0.039062 0.054688
