5 0.086719 0.302344 0.026562 0.045312
5 0.125781 0.292969 0.023438 0.051562
1 0.140625 0.408594 0.037500 0.079687
7 0.096094 0.521875 0.020313 0.046875
7 0.102344 0.509375 0.017187 0.037500
7 0.160938 0.756250 0.034375 0.056250
7 0.188281 0.887500 0.032813 0.059375
7 0.207031 0.901563 0.020313 0.034375
7 0.353125 0.771094 0.037500 0.045312
7 0.369531 0.735156 0.023438 0.048438
7 0.384375 0.690625 0.034375 0.040625
7 0.407031 0.664844 0.023437 0.057813
5 0.336719 0.414844 0.039062 0.079687
5 0.367969 0.394531 0.032813 0.067187
5 0.822656 0.621875 0.095312 0.212500
