5 0.068750 0.270313 0.018750 0.037500
5 0.049219 0.286719 0.017188 0.039062
1 0.098438 0.378906 0.031250 0.067187
5 0.132813 0.453125 0.037500 0.087500
7 0.164844 0.803906 0.029687 0.060937
7 0.192188 0.807813 0.031250 0.059375
7 0.417969 0.916406 0.060938 0.110937
7 0.478125 0.971875 0.062500 0.056250
7 0.553906 0.820312 0.048438 0.081250
5 0.519531 0.469531 0.032813 0.070312
5 0.502344 0.435937 0.064062 0.143750
5 0.443750 0.474219 0.053125 0.098437
7 0.512500 0.894531 0.046875 0.067187
7 0.065625 0.500000 0.015625 0.034375
7 0.064063 0.482031 0.021875 0.032813
7 0.114063 0.628906 0.028125 0.042188
7 0.067188 0.450781 0.012500 0.039062
