1 0.498437 0.450000 0.028125 0.037500
1 0.471094 0.367188 0.035937 0.071875
5 0.378906 0.326563 0.039062 0.068750
5 0.470313 0.498437 0.046875 0.084375
5 0.114063 0.366406 0.028125 0.057813
5 0.131250 0.456250 0.040625 0.071875
5 0.077344 0.428906 0.026563 0.064062
7 0.485156 0.881250 0.042188 0.059375
7 0.157031 0.753125 0.014063 0.031250
7 0.172656 0.769531 0.026562 0.048438
7 0.117188 0.698438 0.031250 0.040625
7 0.470313 0.831250 0.018750 0.043750
7 0.366406 0.615625 0.029687 0.034375
7 0.387500 0.596875 0.028125 0.018750
7 0.181250 0.659375 0.009375 0.034375
