1 0.503125 0.450000 0.037500 0.040625
1 0.474219 0.363281 0.039062 0.079687
5 0.375781 0.326563 0.039062 0.068750
5 0.446875 0.475000 0.046875 0.084375
5 0.114063 0.366406 0.028125 0.057813
5 0.131250 0.456250 0.040625 0.071875
5 0.077344 0.428906 0.026563 0.064062
7 0.466406 0.863281 0.035937 0.048438
7 0.157031 0.753125 0.014063 0.031250
7 0.172656 0.769531 0.026562 0.048438
7 0.117188 0.698438 0.031250 0.040625
7 0.452344 0.838281 0.032813 0.048438
7 0.366406 0.615625 0.029687 0.034375
7 0.387500 0.596875 0.028125 0.018750
7 0.181250 0.659375 0.009375 0.034375
7 0.508594 0.624219 0.032813 0.029687
7 0.480469 0.722656 0.020313 0.035937
