1 0.398438 0.353125 0.040625 0.059375
1 0.422656 0.413281 0.029687 0.064062
1 0.418750 0.378125 0.037500 0.046875
1 0.467187 0.360938 0.028125 0.053125
1 0.514062 0.408594 0.031250 0.070312
1 0.596875 0.347656 0.031250 0.070312
1 0.576562 0.356250 0.025000 0.065625
1 0.532031 0.302344 0.029687 0.054688
3 0.887500 0.674219 0.040625 0.048438
1 0.512500 0.353125 0.025000 0.062500
1 0.530469 0.355469 0.023438 0.060937
1 0.453906 0.378906 0.029687 0.060937
3 0.873437 0.654688 0.031250 0.034375
1 0.722656 0.370313 0.032813 0.068750
