1 0.501563 0.451562 0.031250 0.065625
1 0.469531 0.368750 0.045312 0.078125
5 0.385156 0.325000 0.032813 0.071875
5 0.472656 0.492188 0.045312 0.087500
5 0.111719 0.367188 0.032813 0.065625
5 0.078125 0.417187 0.028125 0.068750
5 0.128906 0.451562 0.042188 0.068750
7 0.117969 0.703125 0.032813 0.046875
7 0.102344 0.672656 0.029687 0.039062
7 0.167969 0.768750 0.032813 0.056250
7 0.485156 0.878125 0.045312 0.062500
7 0.475000 0.839063 0.025000 0.053125
7 0.366406 0.615625 0.035937 0.040625
7 0.381250 0.593750 0.031250 0.037500
7 0.185156 0.658594 0.020313 0.042188
5 0.156250 0.392188 0.021875 0.046875
