1 0.273438 0.220312 0.050000 0.100000
1 0.331250 0.355469 0.053125 0.117188
1 0.325000 0.292187 0.059375 0.090625
1 0.407813 0.290625 0.056250 0.106250
1 0.468750 0.233594 0.043750 0.107813
1 0.505469 0.348438 0.057813 0.103125
1 0.517969 0.251563 0.032813 0.106250
1 0.625781 0.251563 0.045312 0.121875
1 0.667188 0.239063 0.053125 0.121875
1 0.857031 0.162500 0.051562 0.112500
1 0.170313 0.614062 0.071875 0.137500
3 0.865625 0.707031 0.053125 0.067187
3 0.886719 0.717188 0.057813 0.068750
3 0.697656 0.809375 0.076563 0.046875
3 0.666406 0.785156 0.026562 0.035937
3 0.641406 0.777344 0.048438 0.060937
3 0.292969 0.746875 0.032813 0.059375
3 0.553125 0.855469 0.031250 0.035937
3 0.585938 0.806250 0.037500 0.043750
3 0.528125 0.768750 0.025000 0.046875
1 0.540625 0.252344 0.031250 0.104688
