5 0.074219 0.417187 0.039062 0.065625
5 0.111719 0.365625 0.039062 0.059375
5 0.129688 0.456250 0.040625 0.065625
5 0.368750 0.335938 0.043750 0.062500
5 0.494531 0.480469 0.048438 0.082812
1 0.490625 0.346875 0.046875 0.087500
1 0.495312 0.406250 0.037500 0.081250
7 0.468750 0.721094 0.034375 0.057813
7 0.493750 0.854688 0.037500 0.062500
7 0.156250 0.752344 0.025000 0.042188
7 0.171875 0.762500 0.025000 0.056250
7 0.098438 0.678906 0.028125 0.026562
7 0.118750 0.700000 0.031250 0.037500
7 0.524219 0.834375 0.045312 0.065625
7 0.360938 0.615625 0.043750 0.043750
7 0.387500 0.593750 0.034375 0.034375
