1 0.472656 0.425000 0.048438 0.103125
1 0.469531 0.339844 0.045312 0.076563
5 0.371094 0.325000 0.032813 0.071875
5 0.508594 0.457813 0.045312 0.087500
5 0.109375 0.365625 0.034375 0.065625
5 0.078125 0.417187 0.028125 0.068750
5 0.132031 0.451562 0.042188 0.068750
7 0.117969 0.703125 0.032813 0.046875
7 0.102344 0.672656 0.029687 0.039062
7 0.158594 0.750000 0.029687 0.050000
7 0.167969 0.768750 0.032813 0.056250
7 0.420313 0.731250 0.037500 0.068750
7 0.464063 0.748437 0.046875 0.056250
7 0.495313 0.859375 0.046875 0.062500
7 0.517188 0.807031 0.034375 0.073438
