5 0.010156 0.305469 0.020313 0.039062
7 0.026563 0.482031 0.015625 0.029687
7 0.040625 0.488281 0.015625 0.048438
7 0.011719 0.535937 0.020313 0.031250
7 0.003906 0.523438 0.007813 0.037500
5 0.314844 0.454688 0.051562 0.131250
5 0.305469 0.467187 0.054688 0.087500
1 0.388281 0.469531 0.051562 0.095312
5 0.482031 0.491406 0.051562 0.101562
7 0.316406 0.922656 0.048438 0.073438
7 0.373438 0.924219 0.059375 0.064062
7 0.388281 0.798438 0.029688 0.068750
7 0.433594 0.807813 0.032813 0.065625
7 0.461719 0.809375 0.042188 0.071875
7 0.508594 0.874219 0.035937 0.070312
