1 0.294531 0.238281 0.054688 0.104687
1 0.367969 0.342188 0.064062 0.106250
1 0.323437 0.303906 0.059375 0.098437
1 0.425781 0.260938 0.045312 0.106250
1 0.513281 0.346875 0.051562 0.109375
1 0.625781 0.248438 0.045312 0.115625
1 0.666406 0.239063 0.057813 0.125000
1 0.755469 0.164844 0.054688 0.117188
3 0.790625 0.717969 0.056250 0.054688
3 0.887500 0.674219 0.040625 0.048438
3 0.697656 0.810937 0.076563 0.046875
3 0.666406 0.785156 0.026562 0.035937
3 0.641406 0.777344 0.048438 0.060937
1 0.512500 0.246875 0.050000 0.106250
1 0.559375 0.245313 0.050000 0.106250
3 0.306250 0.777344 0.034375 0.054688
3 0.325781 0.810937 0.023438 0.075000
3 0.543750 0.853906 0.034375 0.032813
3 0.572656 0.805469 0.042188 0.039062
3 0.599219 0.750000 0.026563 0.078125
1 0.411719 0.283594 0.054688 0.107813
3 0.472656 0.769531 0.026562 0.029687
3 0.517969 0.770312 0.020313 0.034375
3 0.873437 0.654688 0.031250 0.034375
1 0.906250 0.278906 0.053125 0.107813
