1 0.382031 0.423438 0.048437 0.087500
1 0.454688 0.330469 0.034375 0.079687
5 0.367188 0.328125 0.034375 0.068750
5 0.497656 0.469531 0.045312 0.079687
5 0.112500 0.364063 0.028125 0.056250
5 0.130469 0.440625 0.039062 0.062500
5 0.076563 0.417187 0.028125 0.062500
7 0.496094 0.858594 0.039062 0.054688
7 0.404688 0.775781 0.034375 0.045312
7 0.375000 0.758594 0.025000 0.051562
7 0.160938 0.756250 0.018750 0.040625
7 0.177344 0.732812 0.017188 0.043750
7 0.117188 0.698438 0.031250 0.040625
7 0.521094 0.810156 0.029687 0.057813
