1 0.495312 0.445312 0.031250 0.065625
1 0.467969 0.342188 0.045312 0.078125
5 0.371094 0.331250 0.032813 0.071875
5 0.505469 0.490625 0.045312 0.087500
5 0.111719 0.367188 0.032813 0.065625
5 0.078125 0.417187 0.028125 0.068750
5 0.128906 0.451562 0.042188 0.068750
7 0.117969 0.703125 0.032813 0.046875
7 0.102344 0.672656 0.029687 0.039062
7 0.167969 0.768750 0.032813 0.056250
7 0.473438 0.713281 0.025000 0.048438
7 0.485938 0.879687 0.046875 0.062500
7 0.516406 0.855469 0.032813 0.073438
7 0.366406 0.615625 0.035937 0.040625
7 0.381250 0.593750 0.031250 0.037500
7 0.185156 0.658594 0.020313 0.042188
