1 0.492188 0.402344 0.040625 0.089062
1 0.472656 0.340625 0.045312 0.078125
5 0.366406 0.331250 0.032813 0.071875
5 0.496094 0.482812 0.045312 0.087500
5 0.111719 0.367188 0.032813 0.065625
5 0.078125 0.417187 0.028125 0.068750
5 0.128906 0.451562 0.042188 0.068750
7 0.117969 0.703125 0.032813 0.046875
7 0.102344 0.672656 0.029687 0.039062
7 0.158594 0.750000 0.029687 0.050000
7 0.167969 0.768750 0.032813 0.056250
7 0.473438 0.713281 0.025000 0.048438
7 0.497656 0.860938 0.045312 0.062500
7 0.520313 0.855469 0.034375 0.073438
7 0.366406 0.615625 0.035937 0.040625
7 0.381250 0.593750 0.031250 0.037500
7 0.185156 0.658594 0.020313 0.042188
