1 0.501563 0.386719 0.043750 0.070312
1 0.473438 0.361719 0.028125 0.060937
5 0.374219 0.340625 0.039063 0.068750
5 0.374219 0.470313 0.045312 0.084375
5 0.117188 0.364844 0.034375 0.060937
5 0.125781 0.460156 0.042188 0.073438
5 0.090625 0.425000 0.031250 0.065625
7 0.375781 0.845313 0.026562 0.062500
7 0.157031 0.753125 0.014063 0.031250
7 0.172656 0.769531 0.026562 0.048438
7 0.127344 0.708594 0.029687 0.035937
7 0.400000 0.823438 0.021875 0.050000
7 0.181250 0.659375 0.009375 0.034375
7 0.479688 0.718750 0.021875 0.034375
7 0.521094 0.742188 0.026563 0.043750
7 0.114063 0.682813 0.031250 0.028125
