1 0.505469 0.454688 0.039062 0.043750
1 0.471875 0.361719 0.037500 0.079687
5 0.369531 0.343750 0.039063 0.068750
5 0.362500 0.479687 0.046875 0.084375
5 0.117188 0.364844 0.034375 0.060937
5 0.122656 0.457813 0.042188 0.071875
5 0.093750 0.427344 0.028125 0.064062
7 0.375781 0.845313 0.026562 0.062500
7 0.157031 0.753125 0.014063 0.031250
7 0.172656 0.769531 0.026562 0.048438
7 0.127344 0.708594 0.029687 0.035937
7 0.418750 0.832812 0.031250 0.065625
7 0.181250 0.659375 0.009375 0.034375
7 0.479688 0.718750 0.021875 0.034375
7 0.510938 0.624219 0.031250 0.029687
7 0.114063 0.682813 0.031250 0.028125
