5 0.099219 0.278906 0.023438 0.048438
5 0.067188 0.303906 0.021875 0.048438
7 0.074219 0.503125 0.017188 0.037500
7 0.100781 0.510938 0.023437 0.031250
7 0.141406 0.703125 0.020313 0.062500
1 0.136719 0.394531 0.045312 0.079687
5 0.161719 0.473438 0.032813 0.096875
7 0.209375 0.895312 0.031250 0.050000
7 0.189063 0.844531 0.021875 0.054688
5 0.371094 0.453125 0.042188 0.084375
5 0.425000 0.411719 0.040625 0.082812
5 0.678906 0.517969 0.085938 0.189062
7 0.457813 0.707031 0.031250 0.054688
7 0.423438 0.839844 0.034375 0.064062
7 0.407031 0.706250 0.045313 0.046875
7 0.161719 0.708594 0.023438 0.054688
7 0.353906 0.760938 0.032813 0.065625
