5 0.091406 0.427344 0.039062 0.067187
5 0.115625 0.365625 0.040625 0.059375
5 0.132813 0.452344 0.040625 0.064062
5 0.376563 0.341406 0.043750 0.073438
5 0.360156 0.472656 0.048438 0.082812
1 0.471875 0.360938 0.046875 0.087500
1 0.489844 0.424219 0.032813 0.060937
7 0.374219 0.846094 0.035937 0.073438
7 0.156250 0.750781 0.025000 0.042188
7 0.171875 0.762500 0.025000 0.056250
7 0.114844 0.679688 0.029687 0.034375
7 0.128125 0.712500 0.031250 0.037500
7 0.414844 0.830469 0.029687 0.067187
7 0.175000 0.625781 0.018750 0.032813
7 0.183594 0.660937 0.014063 0.034375
7 0.507812 0.618750 0.043750 0.056250
7 0.481250 0.716406 0.028125 0.051562
