1 0.413281 0.414844 0.048437 0.101562
1 0.454688 0.332031 0.043750 0.076563
5 0.371094 0.325000 0.032813 0.071875
5 0.508594 0.457813 0.045312 0.087500
5 0.113281 0.365625 0.032813 0.065625
5 0.078125 0.417187 0.028125 0.068750
5 0.128906 0.432031 0.042188 0.067187
7 0.117969 0.703125 0.032813 0.046875
7 0.102344 0.672656 0.029687 0.039062
7 0.158594 0.750000 0.029687 0.050000
7 0.167969 0.768750 0.032813 0.056250
7 0.373438 0.762500 0.037500 0.068750
7 0.457813 0.740625 0.046875 0.056250
7 0.495313 0.859375 0.046875 0.062500
7 0.517188 0.807031 0.034375 0.073438
