5 0.030469 0.317969 0.020313 0.035937
5 0.055469 0.303125 0.023438 0.043750
7 0.083594 0.490625 0.020313 0.037500
7 0.058594 0.527344 0.023438 0.048438
7 0.049219 0.531250 0.017188 0.028125
7 0.055469 0.507031 0.023438 0.026562
5 0.275781 0.478125 0.045312 0.109375
5 0.295313 0.471875 0.031250 0.100000
1 0.337500 0.444531 0.043750 0.095312
5 0.385156 0.441406 0.032812 0.092187
7 0.354688 0.747656 0.053125 0.045312
7 0.394531 0.778906 0.035938 0.057813
7 0.428906 0.771094 0.042188 0.054688
7 0.341406 0.839844 0.039062 0.057813
7 0.302344 0.851562 0.023438 0.062500
7 0.302344 0.907813 0.026562 0.040625
