1 0.513281 0.386719 0.048438 0.073437
1 0.473438 0.359375 0.043750 0.078125
5 0.369531 0.339063 0.032813 0.071875
5 0.383594 0.460938 0.045312 0.087500
5 0.114063 0.364063 0.034375 0.065625
5 0.090625 0.422656 0.028125 0.067187
5 0.125781 0.452344 0.042188 0.067187
7 0.128906 0.714063 0.032813 0.046875
7 0.171094 0.768750 0.032813 0.056250
7 0.375781 0.832812 0.035937 0.062500
7 0.400000 0.824219 0.040625 0.064062
7 0.185156 0.658594 0.020313 0.042188
7 0.483594 0.744531 0.045313 0.057813
7 0.519531 0.741406 0.032813 0.042188
7 0.154688 0.756250 0.018750 0.037500
7 0.113281 0.684375 0.039062 0.025000
5 0.159375 0.390625 0.015625 0.040625
