5 0.942187 0.822656 0.096875 0.267187
5 0.285938 0.382812 0.037500 0.065625
5 0.311719 0.368750 0.032813 0.075000
7 0.285938 0.695312 0.028125 0.053125
7 0.303906 0.608594 0.023438 0.048438
7 0.338281 0.648438 0.029687 0.040625
7 0.333594 0.703906 0.035937 0.035937
7 0.184375 0.893750 0.040625 0.056250
7 0.206250 0.903906 0.021875 0.035937
7 0.157031 0.759375 0.026562 0.056250
5 0.152344 0.504687 0.039063 0.096875
5 0.107813 0.323437 0.025000 0.050000
5 0.148438 0.315625 0.025000 0.062500
1 0.134375 0.418750 0.037500 0.078125
