5 0.048438 0.264844 0.018750 0.035937
5 0.032813 0.292969 0.015625 0.039062
1 0.077344 0.363281 0.026562 0.067187
5 0.105469 0.437500 0.035937 0.078125
7 0.161719 0.791406 0.029687 0.060937
7 0.142188 0.739062 0.031250 0.059375
7 0.457031 0.940625 0.060937 0.093750
7 0.388281 0.955469 0.048438 0.085938
7 0.523438 0.938281 0.046875 0.064062
7 0.583594 0.876563 0.048438 0.081250
7 0.553906 0.851562 0.032813 0.062500
5 0.558594 0.514844 0.042188 0.098437
5 0.501563 0.443750 0.062500 0.131250
5 0.407031 0.450000 0.070312 0.137500
7 0.493750 0.910937 0.046875 0.056250
7 0.039063 0.478906 0.015625 0.032813
7 0.059375 0.482031 0.012500 0.032813
7 0.077344 0.621094 0.020313 0.045312
