1 0.303125 0.235156 0.053125 0.104687
1 0.328906 0.359375 0.051563 0.118750
1 0.329688 0.299219 0.053125 0.092188
1 0.409375 0.289063 0.056250 0.106250
1 0.467187 0.232813 0.046875 0.109375
1 0.479687 0.359375 0.053125 0.103125
1 0.629687 0.249219 0.037500 0.117188
1 0.669531 0.239063 0.048438 0.121875
1 0.857031 0.162500 0.051562 0.112500
1 0.527344 0.685937 0.070313 0.143750
3 0.865625 0.707031 0.053125 0.067187
3 0.885938 0.717969 0.053125 0.064062
3 0.697656 0.809375 0.076563 0.046875
3 0.666406 0.785156 0.026562 0.035937
3 0.641406 0.777344 0.048438 0.060937
1 0.500000 0.260938 0.046875 0.106250
1 0.532031 0.250000 0.048438 0.093750
3 0.306250 0.777344 0.034375 0.054688
3 0.325781 0.810937 0.023438 0.075000
3 0.425000 0.807031 0.040625 0.029687
3 0.594531 0.750000 0.026563 0.081250
