1 0.506250 0.456250 0.031250 0.065625
1 0.469531 0.360156 0.045312 0.076563
5 0.372656 0.337500 0.032813 0.071875
5 0.383594 0.471875 0.045312 0.087500
5 0.114063 0.364063 0.034375 0.065625
5 0.078125 0.417187 0.028125 0.068750
5 0.128906 0.451562 0.042188 0.068750
7 0.117969 0.703125 0.032813 0.046875
7 0.171094 0.768750 0.032813 0.056250
7 0.379688 0.846875 0.034375 0.062500
7 0.418750 0.855469 0.040625 0.064062
7 0.185156 0.658594 0.020313 0.042188
5 0.156250 0.392188 0.021875 0.046875
7 0.480469 0.717187 0.023438 0.050000
7 0.510156 0.619531 0.032813 0.042188
