5 0.074219 0.417187 0.039062 0.065625
5 0.111719 0.365625 0.039062 0.059375
5 0.129688 0.456250 0.040625 0.065625
5 0.368750 0.331250 0.043750 0.062500
5 0.503906 0.488281 0.048438 0.082812
1 0.472656 0.346875 0.048438 0.087500
1 0.494531 0.449219 0.032813 0.060937
7 0.482031 0.880469 0.035937 0.060937
7 0.156250 0.750781 0.025000 0.042188
7 0.171875 0.762500 0.025000 0.056250
7 0.098438 0.678906 0.028125 0.026562
7 0.118750 0.700000 0.031250 0.037500
7 0.521094 0.852344 0.045312 0.067187
7 0.363281 0.615625 0.042188 0.043750
7 0.387500 0.593750 0.034375 0.034375
7 0.175000 0.625781 0.018750 0.032813
7 0.183594 0.660937 0.014063 0.034375
