1 0.494531 0.440625 0.035937 0.059375
1 0.471094 0.343750 0.035937 0.071875
5 0.365625 0.334375 0.037500 0.075000
5 0.509375 0.485938 0.046875 0.084375
5 0.114063 0.366406 0.028125 0.057813
5 0.131250 0.456250 0.040625 0.071875
5 0.075000 0.426563 0.021875 0.059375
7 0.485156 0.881250 0.042188 0.059375
7 0.157031 0.753125 0.014063 0.031250
7 0.172656 0.769531 0.026562 0.048438
7 0.117188 0.698438 0.031250 0.040625
7 0.517969 0.860156 0.035937 0.064062
7 0.366406 0.615625 0.029687 0.034375
7 0.387500 0.596875 0.028125 0.018750
7 0.181250 0.659375 0.009375 0.034375
