1 0.385156 0.425781 0.051562 0.114062
1 0.454688 0.333594 0.043750 0.076563
5 0.366406 0.321875 0.032813 0.071875
5 0.491406 0.471094 0.048438 0.098437
5 0.113281 0.365625 0.032813 0.065625
5 0.078125 0.417187 0.028125 0.068750
5 0.128906 0.432031 0.042188 0.067187
7 0.117969 0.703125 0.032813 0.046875
7 0.102344 0.672656 0.029687 0.039062
7 0.157031 0.750781 0.029687 0.051562
7 0.173438 0.734375 0.025000 0.046875
7 0.373438 0.762500 0.037500 0.068750
7 0.403125 0.779687 0.046875 0.056250
7 0.495313 0.859375 0.046875 0.062500
7 0.517188 0.807031 0.034375 0.073438
