5 0.315625 0.424219 0.050000 0.089063
5 0.442969 0.382031 0.051562 0.076562
7 0.336719 0.748437 0.045312 0.068750
7 0.367969 0.730469 0.051562 0.057813
7 0.417969 0.721875 0.039063 0.059375
7 0.453906 0.742969 0.051563 0.045312
7 0.920312 0.558594 0.031250 0.048438
7 0.950781 0.610156 0.032813 0.035937
7 0.945312 0.582813 0.021875 0.037500
7 0.929688 0.532031 0.021875 0.035937
7 0.950000 0.554688 0.018750 0.037500
5 0.957812 0.346875 0.021875 0.046875
5 0.974219 0.353125 0.020313 0.053125
5 0.984375 0.364844 0.025000 0.060937
