5 0.077344 0.422656 0.039063 0.067187
5 0.112500 0.364063 0.040625 0.059375
5 0.129688 0.454688 0.040625 0.065625
5 0.375000 0.328125 0.043750 0.062500
5 0.433594 0.462500 0.048438 0.084375
1 0.471875 0.364063 0.046875 0.087500
1 0.507031 0.457031 0.032813 0.060937
7 0.404688 0.832031 0.037500 0.073438
7 0.156250 0.750781 0.025000 0.042188
7 0.171875 0.762500 0.025000 0.056250
7 0.098438 0.678906 0.028125 0.026562
7 0.118750 0.700000 0.031250 0.037500
7 0.451563 0.838281 0.043750 0.064062
7 0.364063 0.615625 0.043750 0.043750
7 0.381250 0.595313 0.034375 0.034375
7 0.175000 0.625781 0.018750 0.032813
7 0.183594 0.660937 0.014063 0.034375
7 0.507812 0.618750 0.043750 0.056250
7 0.481250 0.716406 0.028125 0.051562
