1 0.312500 0.226562 0.062500 0.118750
1 0.334375 0.300000 0.065625 0.100000
1 0.328906 0.344531 0.073438 0.101563
1 0.404687 0.295313 0.068750 0.121875
1 0.435156 0.250781 0.060937 0.126563
1 0.527344 0.235938 0.057813 0.125000
1 0.514844 0.242969 0.060937 0.117188
1 0.510156 0.341406 0.051562 0.110937
1 0.635156 0.244531 0.054688 0.126562
1 0.672656 0.234375 0.054688 0.121875
1 0.864062 0.155469 0.053125 0.120312
1 0.772656 0.799219 0.079687 0.154687
3 0.864062 0.710938 0.062500 0.071875
3 0.886719 0.724219 0.060937 0.064062
3 0.701563 0.794531 0.065625 0.079687
3 0.532031 0.760156 0.048438 0.054688
3 0.307031 0.778125 0.051562 0.065625
3 0.328906 0.807813 0.035937 0.068750
3 0.422656 0.803125 0.042188 0.053125
3 0.470313 0.813281 0.046875 0.035937
3 0.549219 0.848437 0.042188 0.065625
