1 0.385156 0.446094 0.051562 0.114062
1 0.454688 0.333594 0.043750 0.076563
5 0.366406 0.321875 0.032813 0.071875
5 0.491406 0.471094 0.048438 0.098437
5 0.113281 0.365625 0.032813 0.065625
5 0.078125 0.424219 0.028125 0.067187
5 0.133594 0.430469 0.042188 0.067187
7 0.117969 0.703125 0.032813 0.046875
7 0.102344 0.672656 0.029687 0.039062
7 0.157031 0.750781 0.029687 0.051562
7 0.173438 0.734375 0.025000 0.046875
7 0.370313 0.795312 0.037500 0.068750
7 0.401563 0.807813 0.046875 0.056250
7 0.495313 0.859375 0.046875 0.062500
