1 0.288281 0.242969 0.057813 0.104687
1 0.343750 0.351562 0.053125 0.109375
1 0.323437 0.301563 0.059375 0.096875
1 0.420312 0.261719 0.046875 0.104688
1 0.513281 0.346875 0.051562 0.109375
1 0.623437 0.250000 0.050000 0.118750
1 0.666406 0.239063 0.057813 0.125000
1 0.614844 0.151563 0.054688 0.118750
3 0.887500 0.674219 0.040625 0.048438
3 0.697656 0.810937 0.076563 0.046875
3 0.666406 0.785156 0.026562 0.035937
3 0.638281 0.777344 0.048438 0.060937
1 0.508594 0.247656 0.054688 0.107813
1 0.545312 0.246875 0.059375 0.118750
3 0.306250 0.777344 0.034375 0.054688
3 0.325781 0.810937 0.023438 0.075000
3 0.543750 0.853906 0.034375 0.032813
3 0.572656 0.805469 0.042188 0.039062
3 0.599219 0.750000 0.026563 0.078125
1 0.395313 0.286719 0.053125 0.107813
3 0.472656 0.769531 0.026562 0.029687
3 0.518750 0.819531 0.021875 0.042188
3 0.873437 0.654688 0.031250 0.034375
1 0.907813 0.278906 0.050000 0.107813
3 0.425781 0.765625 0.017188 0.053125
3 0.342188 0.829688 0.018750 0.040625
