1 0.301563 0.232031 0.053125 0.104687
1 0.356250 0.347656 0.053125 0.117188
1 0.329688 0.299219 0.053125 0.092188
1 0.425781 0.272656 0.042188 0.114062
1 0.512500 0.348438 0.053125 0.109375
1 0.633594 0.247656 0.045312 0.114062
1 0.672656 0.239063 0.054688 0.121875
1 0.860156 0.167188 0.057813 0.115625
3 0.865625 0.707031 0.053125 0.067187
3 0.885938 0.717969 0.053125 0.064062
3 0.697656 0.810937 0.076563 0.046875
3 0.666406 0.785156 0.026562 0.035937
3 0.641406 0.777344 0.048438 0.060937
1 0.521094 0.245313 0.045312 0.106250
1 0.550781 0.245313 0.039062 0.100000
3 0.306250 0.777344 0.034375 0.054688
3 0.325781 0.810937 0.023438 0.075000
3 0.543750 0.853906 0.034375 0.032813
3 0.572656 0.805469 0.042188 0.039062
3 0.599219 0.750000 0.026563 0.078125
1 0.400781 0.307031 0.054688 0.107813
3 0.472656 0.769531 0.026562 0.029687
3 0.517969 0.770312 0.020313 0.034375
