1 0.318750 0.214062 0.050000 0.100000
1 0.328906 0.359375 0.051563 0.118750
1 0.325781 0.299219 0.060937 0.092188
1 0.409375 0.289063 0.056250 0.106250
1 0.471875 0.232813 0.046875 0.109375
1 0.485938 0.351563 0.053125 0.103125
1 0.628125 0.249219 0.040625 0.117188
1 0.667188 0.239063 0.053125 0.121875
1 0.857031 0.162500 0.051562 0.112500
1 0.392969 0.633594 0.073437 0.132812
3 0.865625 0.707031 0.053125 0.067187
3 0.885938 0.717969 0.053125 0.064062
3 0.697656 0.809375 0.076563 0.046875
3 0.666406 0.785156 0.026562 0.035937
3 0.641406 0.777344 0.048438 0.060937
3 0.553125 0.847656 0.031250 0.051562
3 0.585938 0.806250 0.037500 0.043750
3 0.528125 0.768750 0.025000 0.046875
1 0.517969 0.253125 0.048438 0.115625
