1 0.381250 0.485156 0.050000 0.114062
1 0.454688 0.333594 0.043750 0.076563
5 0.364844 0.331250 0.032813 0.071875
5 0.489844 0.464844 0.048438 0.098437
5 0.113281 0.365625 0.032813 0.065625
5 0.078125 0.424219 0.028125 0.067187
5 0.133594 0.430469 0.042188 0.067187
7 0.102344 0.709375 0.026562 0.046875
7 0.103906 0.669531 0.029687 0.039062
7 0.157031 0.750781 0.029687 0.051562
7 0.173438 0.734375 0.025000 0.046875
7 0.382813 0.889062 0.037500 0.068750
7 0.414063 0.842187 0.046875 0.056250
7 0.495313 0.859375 0.046875 0.062500
