1 0.506250 0.456250 0.031250 0.065625
1 0.469531 0.360156 0.045312 0.076563
5 0.366406 0.334375 0.032813 0.071875
5 0.394531 0.460938 0.045312 0.087500
5 0.111719 0.367188 0.032813 0.065625
5 0.078125 0.417187 0.028125 0.068750
5 0.128906 0.451562 0.042188 0.068750
7 0.117969 0.703125 0.032813 0.046875
7 0.102344 0.672656 0.029687 0.039062
7 0.167969 0.768750 0.032813 0.056250
7 0.398438 0.832812 0.034375 0.062500
7 0.419531 0.858594 0.039062 0.064062
7 0.363281 0.613281 0.035937 0.042188
7 0.185156 0.658594 0.020313 0.042188
5 0.156250 0.392188 0.021875 0.046875
7 0.480469 0.717187 0.023438 0.050000
7 0.510156 0.619531 0.032813 0.042188
