1 0.414062 0.364063 0.031250 0.053125
1 0.429688 0.425781 0.031250 0.054687
1 0.429688 0.387500 0.031250 0.046875
1 0.473438 0.378125 0.028125 0.053125
1 0.514844 0.415625 0.029687 0.056250
1 0.586719 0.366406 0.023438 0.067187
1 0.568750 0.373438 0.025000 0.065625
1 0.529687 0.315625 0.028125 0.053125
3 0.887500 0.674219 0.040625 0.048438
1 0.516406 0.360938 0.023438 0.053125
1 0.530469 0.355469 0.023438 0.060937
1 0.460938 0.388281 0.031250 0.060937
3 0.873437 0.654688 0.031250 0.034375
1 0.696094 0.382813 0.023438 0.059375
