5 0.086719 0.274219 0.023438 0.035937
5 0.054688 0.293750 0.025000 0.053125
7 0.074219 0.503125 0.017188 0.037500
7 0.070313 0.478125 0.021875 0.031250
7 0.137500 0.676562 0.018750 0.050000
1 0.114844 0.396875 0.035937 0.068750
5 0.161719 0.473438 0.032813 0.096875
7 0.179688 0.845313 0.040625 0.075000
7 0.197656 0.835156 0.035937 0.054688
5 0.414844 0.484375 0.042187 0.084375
5 0.471094 0.438281 0.039062 0.082812
5 0.571094 0.457031 0.070312 0.160937
7 0.457813 0.707031 0.031250 0.054688
7 0.423438 0.839844 0.034375 0.064062
7 0.453125 0.900781 0.046875 0.067187
7 0.484375 0.971094 0.050000 0.057813
