0 0.963867 0.643555 0.067428 0.277872
0 0.768555 0.659180 0.056155 0.440497
0 0.248047 0.663086 0.107616 0.487621
0 0.698242 0.674805 0.095260 0.481058
0 0.142578 0.678711 0.144016 0.639421
0 0.472656 0.682617 0.109085 0.577627
0 0.382812 0.686523 0.115944 0.626555
0 0.608398 0.694336 0.101250 0.562182
0 0.834961 0.706055 0.128347 0.589489
1 0.166992 0.398438 0.078266 0.080963
1 0.390625 0.417969 0.067428 0.092087
1 0.462891 0.419922 0.045516 0.050045
1 0.612305 0.439453 0.051420 0.054653
1 0.240234 0.441406 0.046767 0.046767
1 0.834961 0.445312 0.056155 0.068812
1 0.694336 0.453125 0.042247 0.043703
1 0.776367 0.466797 0.040564 0.051420
1 0.975586 0.522461 0.032657 0.037651
2 0.749023 0.616211 0.020323 0.025073
3 0.666992 0.940430 0.021896 0.037651
3 0.596680 0.940430 0.034476 0.034476
3 0.492188 0.940430 0.043703 0.045516
3 0.799805 0.948242 0.034476 0.067428
3 0.854492 0.948242 0.031356 0.099887
4 0.604492 0.600586 0.095260 0.231416
4 0.472656 0.604492 0.109085 0.247640
4 0.250000 0.604492 0.103329 0.200724
4 0.698242 0.604492 0.093978 0.192727
4 0.963867 0.604492 0.067428 0.124915
4 0.834961 0.616211 0.124915 0.254443
4 0.375000 0.616211 0.099887 0.301409
4 0.142578 0.639648 0.144016 0.342820
