0 0.540625 0.388281 0.090625 0.101562
1 0.540625 0.357812 0.040625 0.040625
8 0.540625 0.393750 0.062500 0.046875
6 0.504687 0.398438 0.018750 0.018750
6 0.576562 0.398438 0.018750 0.018750
7 0.525000 0.428125 0.021875 0.021875
7 0.556250 0.428125 0.021875 0.021875
0 0.231250 0.240625 0.103125 0.115625
5 0.231250 0.206250 0.046875 0.046875
8 0.231250 0.246875 0.071875 0.053125
6 0.190625 0.253125 0.021875 0.021875
6 0.271875 0.253125 0.021875 0.021875
3 0.212500 0.285938 0.025000 0.025000
3 0.250000 0.285938 0.025000 0.025000
0 0.246875 0.743750 0.109375 0.121875
5 0.246875 0.707812 0.050000 0.050000
4 0.246875 0.751563 0.078125 0.056250
6 0.203125 0.757812 0.021875 0.021875
6 0.290625 0.757812 0.021875 0.021875
3 0.226562 0.792188 0.025000 0.025000
3 0.267188 0.792188 0.025000 0.025000
0 0.140625 0.380469 0.090625 0.098437
5 0.140625 0.351562 0.040625 0.040625
4 0.140625 0.385937 0.062500 0.043750
6 0.104688 0.390625 0.018750 0.018750
6 0.176563 0.390625 0.018750 0.018750
7 0.125000 0.418750 0.021875 0.021875
7 0.156250 0.418750 0.021875 0.021875
0 0.846875 0.738281 0.125000 0.135937
1 0.846875 0.698438 0.056250 0.056250
4 0.846875 0.746875 0.087500 0.062500
6 0.796875 0.753125 0.025000 0.025000
6 0.896875 0.753125 0.025000 0.025000
7 0.825000 0.792188 0.028125 0.028125
7 0.868750 0.792188 0.028125 0.028125
