0 0.364063 0.276562 0.106250 0.118750
5 0.364063 0.240625 0.046875 0.046875
8 0.364063 0.282813 0.075000 0.056250
6 0.321875 0.289062 0.021875 0.021875
6 0.406250 0.289062 0.021875 0.021875
7 0.345313 0.323437 0.025000 0.025000
7 0.382812 0.323437 0.025000 0.025000
0 0.159375 0.603906 0.121875 0.135937
5 0.159375 0.564063 0.056250 0.056250
8 0.159375 0.612500 0.084375 0.062500
6 0.110937 0.618750 0.025000 0.025000
6 0.207813 0.618750 0.025000 0.025000
7 0.137500 0.657813 0.028125 0.028125
7 0.181250 0.657813 0.028125 0.028125
0 0.507812 0.363281 0.125000 0.139063
1 0.507812 0.321875 0.056250 0.056250
4 0.507812 0.371875 0.087500 0.065625
6 0.457813 0.378125 0.025000 0.025000
6 0.557813 0.378125 0.025000 0.025000
7 0.485938 0.418750 0.028125 0.028125
7 0.529687 0.418750 0.028125 0.028125
0 0.200000 0.278906 0.125000 0.135937
1 0.200000 0.239063 0.056250 0.056250
8 0.200000 0.287500 0.087500 0.062500
6 0.150000 0.293750 0.025000 0.025000
6 0.250000 0.293750 0.025000 0.025000
7 0.178125 0.332813 0.028125 0.028125
7 0.221875 0.332813 0.028125 0.028125
0 0.709375 0.772656 0.096875 0.107813
5 0.709375 0.740625 0.043750 0.043750
8 0.709375 0.779687 0.068750 0.050000
2 0.670312 0.784375 0.018750 0.018750
2 0.748437 0.784375 0.018750 0.018750
3 0.692187 0.815625 0.021875 0.021875
3 0.726562 0.815625 0.021875 0.021875
