0 0.221875 0.778125 0.109375 0.125000
5 0.221875 0.740625 0.050000 0.050000
8 0.221875 0.785937 0.078125 0.059375
6 0.178125 0.792188 0.021875 0.021875
6 0.265625 0.792188 0.021875 0.021875
7 0.201563 0.828125 0.025000 0.025000
7 0.242188 0.828125 0.025000 0.025000
0 0.721875 0.567969 0.090625 0.095312
1 0.721875 0.540625 0.040625 0.040625
8 0.721875 0.575000 0.062500 0.043750
6 0.685937 0.579688 0.018750 0.018750
6 0.757812 0.579688 0.018750 0.018750
7 0.706250 0.606250 0.018750 0.018750
7 0.737500 0.606250 0.018750 0.018750
0 0.626563 0.310937 0.109375 0.121875
5 0.626563 0.275000 0.050000 0.050000
8 0.626563 0.318750 0.078125 0.056250
2 0.582812 0.325000 0.021875 0.021875
2 0.670312 0.325000 0.021875 0.021875
3 0.606250 0.359375 0.025000 0.025000
3 0.646875 0.359375 0.025000 0.025000
0 0.492188 0.362500 0.103125 0.115625
1 0.492188 0.328125 0.046875 0.046875
4 0.492188 0.368750 0.071875 0.053125
6 0.451562 0.375000 0.021875 0.021875
6 0.532813 0.375000 0.021875 0.021875
3 0.473438 0.407813 0.025000 0.025000
3 0.510938 0.407813 0.025000 0.025000
0 0.376563 0.549219 0.090625 0.098437
5 0.376563 0.520312 0.040625 0.040625
8 0.376563 0.554688 0.062500 0.043750
6 0.340625 0.559375 0.018750 0.018750
6 0.412500 0.559375 0.018750 0.018750
3 0.360938 0.587500 0.021875 0.021875
3 0.392188 0.587500 0.021875 0.021875
