0 0.501563 0.795312 0.112500 0.131250
1 0.501563 0.756250 0.053125 0.053125
8 0.501563 0.803125 0.081250 0.059375
6 0.456250 0.809375 0.021875 0.021875
6 0.546875 0.809375 0.021875 0.021875
7 0.481250 0.846875 0.028125 0.028125
7 0.521875 0.846875 0.028125 0.028125
0 0.357812 0.341406 0.090625 0.101562
1 0.357812 0.310937 0.040625 0.040625
8 0.357812 0.346875 0.062500 0.046875
2 0.321875 0.351562 0.018750 0.018750
2 0.393750 0.351562 0.018750 0.018750
3 0.342187 0.381250 0.021875 0.021875
3 0.373437 0.381250 0.021875 0.021875
0 0.487500 0.477344 0.093750 0.107813
1 0.487500 0.445312 0.043750 0.043750
4 0.487500 0.484375 0.065625 0.050000
2 0.450000 0.489063 0.018750 0.018750
2 0.525000 0.489063 0.018750 0.018750
7 0.470313 0.520312 0.021875 0.021875
7 0.504687 0.520312 0.021875 0.021875
