0 0.257812 0.291406 0.093750 0.101562
1 0.257812 0.260937 0.040625 0.040625
4 0.257812 0.296875 0.065625 0.046875
2 0.220312 0.301563 0.018750 0.018750
2 0.295312 0.301563 0.018750 0.018750
3 0.240625 0.331250 0.021875 0.021875
3 0.275000 0.331250 0.021875 0.021875
0 0.660937 0.609375 0.103125 0.115625
1 0.660937 0.575000 0.046875 0.046875
4 0.660937 0.615625 0.071875 0.053125
2 0.620313 0.621875 0.021875 0.021875
2 0.701562 0.621875 0.021875 0.021875
3 0.642188 0.654687 0.025000 0.025000
3 0.679688 0.654687 0.025000 0.025000
0 0.312500 0.696094 0.090625 0.101562
1 0.312500 0.665625 0.040625 0.040625
4 0.312500 0.701562 0.062500 0.046875
6 0.276562 0.706250 0.018750 0.018750
6 0.348438 0.706250 0.018750 0.018750
3 0.296875 0.735938 0.021875 0.021875
3 0.328125 0.735938 0.021875 0.021875
0 0.582812 0.386719 0.096875 0.107813
1 0.582812 0.354687 0.043750 0.043750
4 0.582812 0.393750 0.068750 0.050000
2 0.543750 0.398438 0.018750 0.018750
2 0.621875 0.398438 0.018750 0.018750
3 0.565625 0.429688 0.021875 0.021875
3 0.600000 0.429688 0.021875 0.021875
0 0.496875 0.259375 0.118750 0.131250
1 0.496875 0.220312 0.053125 0.053125
4 0.496875 0.267188 0.081250 0.059375
2 0.450000 0.273438 0.025000 0.025000
2 0.543750 0.273438 0.025000 0.025000
3 0.476562 0.310937 0.028125 0.028125
3 0.517188 0.310937 0.028125 0.028125
0 0.439063 0.413281 0.081250 0.092188
1 0.439063 0.385937 0.037500 0.037500
8 0.439063 0.418750 0.059375 0.043750
2 0.406250 0.423438 0.015625 0.015625
2 0.471875 0.423438 0.015625 0.015625
3 0.423438 0.450000 0.018750 0.018750
3 0.454688 0.450000 0.018750 0.018750
