0 0.200000 0.632812 0.106250 0.121875
1 0.200000 0.596875 0.050000 0.050000
4 0.200000 0.640625 0.075000 0.056250
2 0.157812 0.646875 0.021875 0.021875
2 0.242188 0.646875 0.021875 0.021875
3 0.181250 0.681250 0.025000 0.025000
3 0.218750 0.681250 0.025000 0.025000
0 0.740625 0.620313 0.118750 0.131250
1 0.740625 0.581250 0.053125 0.053125
8 0.740625 0.628125 0.081250 0.059375
2 0.693750 0.634375 0.025000 0.025000
2 0.787500 0.634375 0.025000 0.025000
3 0.720313 0.671875 0.028125 0.028125
3 0.760938 0.671875 0.028125 0.028125
0 0.395313 0.507812 0.109375 0.121875
1 0.395313 0.471875 0.050000 0.050000
8 0.395313 0.515625 0.078125 0.056250
6 0.351562 0.521875 0.021875 0.021875
6 0.439063 0.521875 0.021875 0.021875
7 0.375000 0.556250 0.025000 0.025000
7 0.415625 0.556250 0.025000 0.025000
0 0.662500 0.320312 0.103125 0.115625
1 0.662500 0.285938 0.046875 0.046875
8 0.662500 0.326562 0.071875 0.053125
6 0.621875 0.332813 0.021875 0.021875
6 0.703125 0.332813 0.021875 0.021875
7 0.643750 0.365625 0.025000 0.025000
7 0.681250 0.365625 0.025000 0.025000
0 0.453125 0.279687 0.109375 0.121875
1 0.453125 0.243750 0.050000 0.050000
8 0.453125 0.287500 0.078125 0.056250
6 0.409375 0.293750 0.021875 0.021875
6 0.496875 0.293750 0.021875 0.021875
7 0.432812 0.328125 0.025000 0.025000
7 0.473438 0.328125 0.025000 0.025000
0 0.320312 0.372656 0.118750 0.129688
1 0.320312 0.334375 0.053125 0.053125
8 0.320312 0.379688 0.081250 0.059375
6 0.273438 0.385937 0.025000 0.025000
6 0.367188 0.385937 0.025000 0.025000
7 0.298438 0.423438 0.028125 0.028125
7 0.342187 0.423438 0.028125 0.028125
