0 0.451562 0.369531 0.125000 0.139063
1 0.451562 0.328125 0.056250 0.056250
4 0.451562 0.378125 0.087500 0.065625
2 0.401562 0.384375 0.025000 0.025000
2 0.501563 0.384375 0.025000 0.025000
3 0.429688 0.425000 0.028125 0.028125
3 0.473438 0.425000 0.028125 0.028125
0 0.751563 0.504687 0.106250 0.115625
1 0.751563 0.470313 0.046875 0.046875
8 0.751563 0.510938 0.075000 0.053125
6 0.709375 0.517188 0.021875 0.021875
6 0.793750 0.517188 0.021875 0.021875
7 0.732812 0.550000 0.025000 0.025000
7 0.770312 0.550000 0.025000 0.025000
0 0.565625 0.666406 0.093750 0.101562
5 0.565625 0.635938 0.040625 0.040625
8 0.565625 0.671875 0.065625 0.046875
6 0.528125 0.676562 0.018750 0.018750
6 0.603125 0.676562 0.018750 0.018750
3 0.548438 0.706250 0.021875 0.021875
3 0.582812 0.706250 0.021875 0.021875
0 0.168750 0.805469 0.090625 0.101562
5 0.168750 0.775000 0.040625 0.040625
8 0.168750 0.810937 0.062500 0.046875
6 0.132812 0.815625 0.018750 0.018750
6 0.204687 0.815625 0.018750 0.018750
3 0.153125 0.845313 0.021875 0.021875
3 0.184375 0.845313 0.021875 0.021875
0 0.371875 0.769531 0.093750 0.101562
5 0.371875 0.739062 0.040625 0.040625
4 0.371875 0.775000 0.065625 0.046875
2 0.334375 0.779687 0.018750 0.018750
2 0.409375 0.779687 0.018750 0.018750
7 0.354687 0.809375 0.021875 0.021875
7 0.389062 0.809375 0.021875 0.021875
0 0.592187 0.469531 0.096875 0.107813
5 0.592187 0.437500 0.043750 0.043750
8 0.592187 0.476562 0.068750 0.050000
6 0.553125 0.481250 0.018750 0.018750
6 0.631250 0.481250 0.018750 0.018750
3 0.575000 0.512500 0.021875 0.021875
3 0.609375 0.512500 0.021875 0.021875
