0 0.540625 0.439844 0.093750 0.107813
1 0.540625 0.407813 0.043750 0.043750
8 0.540625 0.446875 0.065625 0.050000
2 0.503125 0.451562 0.018750 0.018750
2 0.578125 0.451562 0.018750 0.018750
3 0.523438 0.482812 0.021875 0.021875
3 0.557813 0.482812 0.021875 0.021875
0 0.657813 0.320312 0.103125 0.115625
1 0.657813 0.285938 0.046875 0.046875
4 0.657813 0.326562 0.071875 0.053125
2 0.617188 0.332813 0.021875 0.021875
2 0.698438 0.332813 0.021875 0.021875
3 0.639062 0.365625 0.025000 0.025000
3 0.676562 0.365625 0.025000 0.025000
0 0.640625 0.606250 0.109375 0.125000
1 0.640625 0.568750 0.050000 0.050000
8 0.640625 0.614062 0.078125 0.059375
2 0.596875 0.620313 0.021875 0.021875
2 0.684375 0.620313 0.021875 0.021875
3 0.620313 0.656250 0.025000 0.025000
3 0.660937 0.656250 0.025000 0.025000
