0 0.592187 0.405469 0.118750 0.129688
1 0.592187 0.367188 0.053125 0.053125
8 0.592187 0.412500 0.081250 0.059375
2 0.545312 0.418750 0.025000 0.025000
2 0.639062 0.418750 0.025000 0.025000
3 0.570312 0.456250 0.028125 0.028125
3 0.614062 0.456250 0.028125 0.028125
0 0.193750 0.451562 0.118750 0.131250
1 0.193750 0.412500 0.053125 0.053125
4 0.193750 0.459375 0.081250 0.059375
2 0.146875 0.465625 0.025000 0.025000
2 0.240625 0.465625 0.025000 0.025000
3 0.173437 0.503125 0.028125 0.028125
3 0.214062 0.503125 0.028125 0.028125
0 0.182812 0.635156 0.090625 0.101562
1 0.182812 0.604688 0.040625 0.040625
4 0.182812 0.640625 0.062500 0.046875
2 0.146875 0.645312 0.018750 0.018750
2 0.218750 0.645312 0.018750 0.018750
3 0.167187 0.675000 0.021875 0.021875
3 0.198437 0.675000 0.021875 0.021875
