0 0.512500 0.723437 0.106250 0.121875
5 0.512500 0.687500 0.050000 0.050000
4 0.512500 0.731250 0.075000 0.056250
2 0.470313 0.737500 0.021875 0.021875
2 0.554688 0.737500 0.021875 0.021875
3 0.492188 0.771875 0.025000 0.025000
3 0.532813 0.771875 0.025000 0.025000
0 0.157812 0.241406 0.121875 0.135937
1 0.157812 0.201563 0.056250 0.056250
8 0.157812 0.250000 0.084375 0.062500
2 0.109375 0.256250 0.025000 0.025000
2 0.206250 0.256250 0.025000 0.025000
3 0.135937 0.295312 0.028125 0.028125
3 0.179688 0.295312 0.028125 0.028125
0 0.335938 0.590625 0.106250 0.115625
5 0.335938 0.556250 0.046875 0.046875
4 0.335938 0.596875 0.075000 0.053125
2 0.293750 0.603125 0.021875 0.021875
2 0.378125 0.603125 0.021875 0.021875
3 0.317188 0.635938 0.025000 0.025000
3 0.354687 0.635938 0.025000 0.025000
0 0.176563 0.505469 0.121875 0.132812
1 0.176563 0.465625 0.053125 0.053125
4 0.176563 0.512500 0.084375 0.062500
6 0.128125 0.518750 0.025000 0.025000
6 0.225000 0.518750 0.025000 0.025000
3 0.154688 0.557813 0.028125 0.028125
3 0.198437 0.557813 0.028125 0.028125
0 0.487500 0.541406 0.090625 0.101562
1 0.487500 0.510938 0.040625 0.040625
4 0.487500 0.546875 0.062500 0.046875
2 0.451562 0.551562 0.018750 0.018750
2 0.523438 0.551562 0.018750 0.018750
3 0.471875 0.581250 0.021875 0.021875
3 0.503125 0.581250 0.021875 0.021875
