0 0.809375 0.521094 0.096875 0.107813
1 0.809375 0.489063 0.043750 0.043750
4 0.809375 0.528125 0.068750 0.050000
2 0.770312 0.532813 0.018750 0.018750
2 0.848437 0.532813 0.018750 0.018750
3 0.792188 0.564063 0.021875 0.021875
3 0.826562 0.564063 0.021875 0.021875
0 0.459375 0.277344 0.121875 0.132812
1 0.459375 0.237500 0.053125 0.053125
4 0.459375 0.284375 0.084375 0.062500
6 0.410938 0.290625 0.025000 0.025000
6 0.507812 0.290625 0.025000 0.025000
7 0.437500 0.329688 0.028125 0.028125
7 0.481250 0.329688 0.028125 0.028125
0 0.331250 0.611719 0.096875 0.107813
1 0.331250 0.579688 0.043750 0.043750
8 0.331250 0.618750 0.068750 0.050000
6 0.292187 0.623437 0.018750 0.018750
6 0.370312 0.623437 0.018750 0.018750
3 0.314063 0.654687 0.021875 0.021875
3 0.348438 0.654687 0.021875 0.021875
0 0.629687 0.461719 0.093750 0.101562
5 0.629687 0.431250 0.040625 0.040625
4 0.629687 0.467187 0.065625 0.046875
6 0.592187 0.471875 0.018750 0.018750
6 0.667188 0.471875 0.018750 0.018750
7 0.612500 0.501563 0.021875 0.021875
7 0.646875 0.501563 0.021875 0.021875
0 0.318750 0.432031 0.121875 0.132812
5 0.318750 0.392188 0.053125 0.053125
8 0.318750 0.439063 0.084375 0.062500
6 0.270313 0.445312 0.025000 0.025000
6 0.367188 0.445312 0.025000 0.025000
3 0.296875 0.484375 0.028125 0.028125
3 0.340625 0.484375 0.028125 0.028125
