0 0.410938 0.675781 0.093750 0.107813
1 0.410938 0.643750 0.043750 0.043750
4 0.410938 0.682813 0.065625 0.050000
2 0.373437 0.687500 0.018750 0.018750
2 0.448437 0.687500 0.018750 0.018750
3 0.393750 0.718750 0.021875 0.021875
3 0.428125 0.718750 0.021875 0.021875
0 0.262500 0.481250 0.109375 0.121875
5 0.262500 0.445312 0.050000 0.050000
4 0.262500 0.489063 0.078125 0.056250
6 0.218750 0.495312 0.021875 0.021875
6 0.306250 0.495312 0.021875 0.021875
3 0.242188 0.529687 0.025000 0.025000
3 0.282813 0.529687 0.025000 0.025000
0 0.857812 0.681250 0.106250 0.121875
1 0.857812 0.645312 0.050000 0.050000
4 0.857812 0.689063 0.075000 0.056250
6 0.815625 0.695312 0.021875 0.021875
6 0.900000 0.695312 0.021875 0.021875
3 0.839063 0.729688 0.025000 0.025000
3 0.876563 0.729688 0.025000 0.025000
0 0.287500 0.272656 0.096875 0.107813
1 0.287500 0.240625 0.043750 0.043750
4 0.287500 0.279687 0.068750 0.050000
6 0.248438 0.284375 0.018750 0.018750
6 0.326562 0.284375 0.018750 0.018750
3 0.270313 0.315625 0.021875 0.021875
3 0.304688 0.315625 0.021875 0.021875
0 0.356250 0.804688 0.109375 0.121875
1 0.356250 0.768750 0.050000 0.050000
4 0.356250 0.812500 0.078125 0.056250
6 0.312500 0.818750 0.021875 0.021875
6 0.400000 0.818750 0.021875 0.021875
7 0.335938 0.853125 0.025000 0.025000
7 0.376563 0.853125 0.025000 0.025000
0 0.690625 0.627344 0.096875 0.107813
1 0.690625 0.595313 0.043750 0.043750
8 0.690625 0.634375 0.068750 0.050000
2 0.651563 0.639062 0.018750 0.018750
2 0.729688 0.639062 0.018750 0.018750
7 0.673438 0.670312 0.021875 0.021875
7 0.707812 0.670312 0.021875 0.021875
