0 0.553125 0.276562 0.103125 0.115625
1 0.553125 0.242188 0.046875 0.046875
8 0.553125 0.282813 0.071875 0.053125
2 0.512500 0.289062 0.021875 0.021875
2 0.593750 0.289062 0.021875 0.021875
3 0.534375 0.321875 0.025000 0.025000
3 0.571875 0.321875 0.025000 0.025000
0 0.317188 0.396875 0.109375 0.125000
1 0.317188 0.359375 0.050000 0.050000
4 0.317188 0.404687 0.078125 0.059375
2 0.273438 0.410938 0.021875 0.021875
2 0.360938 0.410938 0.021875 0.021875
3 0.296875 0.446875 0.025000 0.025000
3 0.337500 0.446875 0.025000 0.025000
0 0.803125 0.748437 0.106250 0.121875
1 0.803125 0.712500 0.050000 0.050000
4 0.803125 0.756250 0.075000 0.056250
2 0.760938 0.762500 0.021875 0.021875
2 0.845313 0.762500 0.021875 0.021875
3 0.784375 0.796875 0.025000 0.025000
3 0.821875 0.796875 0.025000 0.025000
0 0.325000 0.626563 0.109375 0.121875
1 0.325000 0.590625 0.050000 0.050000
4 0.325000 0.634375 0.078125 0.056250
2 0.281250 0.640625 0.021875 0.021875
2 0.368750 0.640625 0.021875 0.021875
3 0.304688 0.675000 0.025000 0.025000
3 0.345313 0.675000 0.025000 0.025000
0 0.509375 0.764844 0.121875 0.135937
1 0.509375 0.725000 0.056250 0.056250
4 0.509375 0.773438 0.084375 0.062500
2 0.460938 0.779687 0.025000 0.025000
2 0.557813 0.779687 0.025000 0.025000
3 0.487500 0.818750 0.028125 0.028125
3 0.531250 0.818750 0.028125 0.028125
0 0.728125 0.318750 0.106250 0.118750
1 0.728125 0.282813 0.046875 0.046875
4 0.728125 0.325000 0.075000 0.056250
2 0.685937 0.331250 0.021875 0.021875
2 0.770312 0.331250 0.021875 0.021875
3 0.709375 0.365625 0.025000 0.025000
3 0.746875 0.365625 0.025000 0.025000
