0 0.531250 0.716406 0.087500 0.092188
5 0.531250 0.689063 0.037500 0.037500
8 0.531250 0.721875 0.059375 0.043750
6 0.496875 0.726562 0.018750 0.018750
6 0.565625 0.726562 0.018750 0.018750
7 0.515625 0.753125 0.018750 0.018750
7 0.546875 0.753125 0.018750 0.018750
0 0.689063 0.797656 0.096875 0.107813
1 0.689063 0.765625 0.043750 0.043750
4 0.689063 0.804688 0.068750 0.050000
6 0.650000 0.809375 0.018750 0.018750
6 0.728125 0.809375 0.018750 0.018750
3 0.671875 0.840625 0.021875 0.021875
3 0.706250 0.840625 0.021875 0.021875
0 0.284375 0.739844 0.093750 0.101562
1 0.284375 0.709375 0.040625 0.040625
8 0.284375 0.745313 0.065625 0.046875
6 0.246875 0.750000 0.018750 0.018750
6 0.321875 0.750000 0.018750 0.018750
7 0.268750 0.779687 0.021875 0.021875
7 0.300000 0.779687 0.021875 0.021875
0 0.146875 0.788281 0.125000 0.139063
1 0.146875 0.746875 0.056250 0.056250
8 0.146875 0.796875 0.087500 0.065625
6 0.096875 0.803125 0.025000 0.025000
6 0.196875 0.803125 0.025000 0.025000
7 0.125000 0.843750 0.028125 0.028125
7 0.168750 0.843750 0.028125 0.028125
0 0.464062 0.432031 0.125000 0.135937
1 0.464062 0.392188 0.056250 0.056250
4 0.464062 0.440625 0.087500 0.062500
6 0.414062 0.446875 0.025000 0.025000
6 0.514062 0.446875 0.025000 0.025000
7 0.442188 0.485938 0.028125 0.028125
7 0.485938 0.485938 0.028125 0.028125
0 0.771875 0.664062 0.103125 0.115625
1 0.771875 0.629687 0.046875 0.046875
4 0.771875 0.670312 0.071875 0.053125
2 0.731250 0.676562 0.021875 0.021875
2 0.812500 0.676562 0.021875 0.021875
3 0.753125 0.709375 0.025000 0.025000
3 0.790625 0.709375 0.025000 0.025000
