0 0.815625 0.524219 0.125000 0.135937
1 0.815625 0.484375 0.056250 0.056250
4 0.815625 0.532813 0.087500 0.062500
2 0.765625 0.539062 0.025000 0.025000
2 0.865625 0.539062 0.025000 0.025000
7 0.793750 0.578125 0.028125 0.028125
7 0.837500 0.578125 0.028125 0.028125
0 0.550000 0.390625 0.103125 0.115625
1 0.550000 0.356250 0.046875 0.046875
4 0.550000 0.396875 0.071875 0.053125
2 0.509375 0.403125 0.021875 0.021875
2 0.590625 0.403125 0.021875 0.021875
3 0.531250 0.435937 0.025000 0.025000
3 0.568750 0.435937 0.025000 0.025000
0 0.704688 0.325000 0.109375 0.121875
5 0.704688 0.289062 0.050000 0.050000
4 0.704688 0.332813 0.078125 0.056250
6 0.660937 0.339062 0.021875 0.021875
6 0.748437 0.339062 0.021875 0.021875
7 0.684375 0.373437 0.025000 0.025000
7 0.725000 0.373437 0.025000 0.025000
0 0.326562 0.751563 0.103125 0.115625
5 0.326562 0.717187 0.046875 0.046875
8 0.326562 0.757812 0.071875 0.053125
6 0.285938 0.764062 0.021875 0.021875
6 0.367188 0.764062 0.021875 0.021875
7 0.307812 0.796875 0.025000 0.025000
7 0.345313 0.796875 0.025000 0.025000
0 0.376563 0.284375 0.118750 0.131250
1 0.376563 0.245312 0.053125 0.053125
8 0.376563 0.292187 0.081250 0.059375
6 0.329688 0.298438 0.025000 0.025000
6 0.423438 0.298438 0.025000 0.025000
7 0.356250 0.335938 0.028125 0.028125
7 0.396875 0.335938 0.028125 0.028125
