0 0.440625 0.471875 0.103125 0.115625
1 0.440625 0.437500 0.046875 0.046875
4 0.440625 0.478125 0.071875 0.053125
2 0.400000 0.484375 0.021875 0.021875
2 0.481250 0.484375 0.021875 0.021875
3 0.421875 0.517188 0.025000 0.025000
3 0.459375 0.517188 0.025000 0.025000
0 0.160938 0.656250 0.118750 0.131250
5 0.160938 0.617188 0.053125 0.053125
4 0.160938 0.664062 0.081250 0.059375
2 0.114062 0.670312 0.025000 0.025000
2 0.207813 0.670312 0.025000 0.025000
7 0.140625 0.707812 0.028125 0.028125
7 0.181250 0.707812 0.028125 0.028125
0 0.554688 0.790625 0.103125 0.115625
1 0.554688 0.756250 0.046875 0.046875
4 0.554688 0.796875 0.071875 0.053125
6 0.514062 0.803125 0.021875 0.021875
6 0.595313 0.803125 0.021875 0.021875
7 0.535937 0.835938 0.025000 0.025000
7 0.573438 0.835938 0.025000 0.025000
0 0.735938 0.667969 0.093750 0.101562
1 0.735938 0.637500 0.040625 0.040625
4 0.735938 0.673438 0.065625 0.046875
2 0.698438 0.678125 0.018750 0.018750
2 0.773438 0.678125 0.018750 0.018750
3 0.720313 0.707812 0.021875 0.021875
3 0.751563 0.707812 0.021875 0.021875
