0 0.707812 0.761719 0.121875 0.132812
1 0.707812 0.721875 0.053125 0.053125
4 0.707812 0.768750 0.084375 0.062500
2 0.659375 0.775000 0.025000 0.025000
2 0.756250 0.775000 0.025000 0.025000
3 0.685937 0.814063 0.028125 0.028125
3 0.729688 0.814063 0.028125 0.028125
0 0.343750 0.255469 0.096875 0.107813
5 0.343750 0.223438 0.043750 0.043750
4 0.343750 0.262500 0.068750 0.050000
2 0.304688 0.267188 0.018750 0.018750
2 0.382812 0.267188 0.018750 0.018750
3 0.326562 0.298438 0.021875 0.021875
3 0.360938 0.298438 0.021875 0.021875
0 0.187500 0.379688 0.118750 0.131250
5 0.187500 0.340625 0.053125 0.053125
4 0.187500 0.387500 0.081250 0.059375
6 0.140625 0.393750 0.025000 0.025000
6 0.234375 0.393750 0.025000 0.025000
3 0.167187 0.431250 0.028125 0.028125
3 0.207813 0.431250 0.028125 0.028125
0 0.664062 0.258594 0.090625 0.101562
1 0.664062 0.228125 0.040625 0.040625
4 0.664062 0.264062 0.062500 0.046875
2 0.628125 0.268750 0.018750 0.018750
2 0.700000 0.268750 0.018750 0.018750
3 0.648438 0.298438 0.021875 0.021875
3 0.679688 0.298438 0.021875 0.021875
0 0.518750 0.754687 0.103125 0.115625
1 0.518750 0.720313 0.046875 0.046875
4 0.518750 0.760938 0.071875 0.053125
2 0.478125 0.767188 0.021875 0.021875
2 0.559375 0.767188 0.021875 0.021875
7 0.500000 0.800000 0.025000 0.025000
7 0.537500 0.800000 0.025000 0.025000
