0 0.435937 0.656250 0.118750 0.131250
1 0.435937 0.617188 0.053125 0.053125
4 0.435937 0.664062 0.081250 0.059375
6 0.389062 0.670312 0.025000 0.025000
6 0.482812 0.670312 0.025000 0.025000
3 0.415625 0.707812 0.028125 0.028125
3 0.456250 0.707812 0.028125 0.028125
0 0.831250 0.691406 0.093750 0.104688
1 0.831250 0.660937 0.043750 0.043750
4 0.831250 0.698438 0.065625 0.046875
2 0.793750 0.703125 0.018750 0.018750
2 0.868750 0.703125 0.018750 0.018750
7 0.814063 0.732812 0.021875 0.021875
7 0.848437 0.732812 0.021875 0.021875
0 0.292187 0.366406 0.090625 0.101562
1 0.292187 0.335938 0.040625 0.040625
4 0.292187 0.371875 0.062500 0.046875
2 0.256250 0.376563 0.018750 0.018750
2 0.328125 0.376563 0.018750 0.018750
3 0.276562 0.406250 0.021875 0.021875
3 0.307812 0.406250 0.021875 0.021875
