0 0.460938 0.413281 0.090625 0.101562
1 0.460938 0.382812 0.040625 0.040625
4 0.460938 0.418750 0.062500 0.046875
2 0.425000 0.423438 0.018750 0.018750
2 0.496875 0.423438 0.018750 0.018750
3 0.445312 0.453125 0.021875 0.021875
3 0.476562 0.453125 0.021875 0.021875
0 0.718750 0.717187 0.103125 0.115625
1 0.718750 0.682813 0.046875 0.046875
4 0.718750 0.723437 0.071875 0.053125
2 0.678125 0.729688 0.021875 0.021875
2 0.759375 0.729688 0.021875 0.021875
3 0.700000 0.762500 0.025000 0.025000
3 0.737500 0.762500 0.025000 0.025000
0 0.189062 0.402344 0.096875 0.107813
1 0.189062 0.370312 0.043750 0.043750
4 0.189062 0.409375 0.068750 0.050000
2 0.150000 0.414062 0.018750 0.018750
2 0.228125 0.414062 0.018750 0.018750
3 0.171875 0.445312 0.021875 0.021875
3 0.206250 0.445312 0.021875 0.021875
0 0.523438 0.718750 0.109375 0.121875
1 0.523438 0.682813 0.050000 0.050000
4 0.523438 0.726562 0.078125 0.056250
2 0.479687 0.732812 0.021875 0.021875
2 0.567187 0.732812 0.021875 0.021875
3 0.503125 0.767188 0.025000 0.025000
3 0.543750 0.767188 0.025000 0.025000
