0 0.404687 0.247656 0.093750 0.104688
1 0.404687 0.217188 0.043750 0.043750
4 0.404687 0.254688 0.065625 0.046875
6 0.367188 0.259375 0.018750 0.018750
6 0.442188 0.259375 0.018750 0.018750
7 0.387500 0.289062 0.021875 0.021875
7 0.421875 0.289062 0.021875 0.021875
0 0.646875 0.605469 0.125000 0.139063
1 0.646875 0.564063 0.056250 0.056250
8 0.646875 0.614062 0.087500 0.065625
2 0.596875 0.620313 0.025000 0.025000
2 0.696875 0.620313 0.025000 0.025000
3 0.625000 0.660937 0.028125 0.028125
3 0.668750 0.660937 0.028125 0.028125
0 0.392188 0.575000 0.112500 0.128125
1 0.392188 0.535937 0.050000 0.050000
4 0.392188 0.581250 0.081250 0.059375
6 0.346875 0.587500 0.021875 0.021875
6 0.437500 0.587500 0.021875 0.021875
3 0.371875 0.625000 0.028125 0.028125
3 0.412500 0.625000 0.028125 0.028125
