0 0.151562 0.289062 0.109375 0.125000
1 0.151562 0.251563 0.050000 0.050000
4 0.151562 0.296875 0.078125 0.059375
2 0.107813 0.303125 0.021875 0.021875
2 0.195312 0.303125 0.021875 0.021875
3 0.131250 0.339062 0.025000 0.025000
3 0.171875 0.339062 0.025000 0.025000
0 0.287500 0.436719 0.125000 0.135937
1 0.287500 0.396875 0.056250 0.056250
4 0.287500 0.445312 0.087500 0.062500
2 0.237500 0.451562 0.025000 0.025000
2 0.337500 0.451562 0.025000 0.025000
3 0.265625 0.490625 0.028125 0.028125
3 0.309375 0.490625 0.028125 0.028125
0 0.371875 0.769531 0.090625 0.101562
1 0.371875 0.739062 0.040625 0.040625
8 0.371875 0.775000 0.062500 0.046875
2 0.335938 0.779687 0.018750 0.018750
2 0.407813 0.779687 0.018750 0.018750
3 0.356250 0.809375 0.021875 0.021875
3 0.387500 0.809375 0.021875 0.021875
0 0.198437 0.603125 0.109375 0.121875
5 0.198437 0.567187 0.050000 0.050000
4 0.198437 0.610938 0.078125 0.056250
2 0.154688 0.617188 0.021875 0.021875
2 0.242188 0.617188 0.021875 0.021875
3 0.178125 0.651563 0.025000 0.025000
3 0.218750 0.651563 0.025000 0.025000
0 0.487500 0.413281 0.081250 0.092188
1 0.487500 0.385937 0.037500 0.037500
4 0.487500 0.418750 0.059375 0.043750
2 0.454688 0.423438 0.015625 0.015625
2 0.520312 0.423438 0.015625 0.015625
3 0.471875 0.450000 0.018750 0.018750
3 0.503125 0.450000 0.018750 0.018750
