0 0.609375 0.780469 0.121875 0.135937
5 0.609375 0.740625 0.056250 0.056250
8 0.609375 0.789062 0.084375 0.062500
6 0.560937 0.795312 0.025000 0.025000
6 0.657813 0.795312 0.025000 0.025000
7 0.587500 0.834375 0.028125 0.028125
7 0.631250 0.834375 0.028125 0.028125
0 0.659375 0.364844 0.087500 0.092188
5 0.659375 0.337500 0.037500 0.037500
4 0.659375 0.370312 0.059375 0.043750
2 0.625000 0.375000 0.018750 0.018750
2 0.693750 0.375000 0.018750 0.018750
3 0.643750 0.401562 0.018750 0.018750
3 0.675000 0.401562 0.018750 0.018750
0 0.162500 0.400781 0.125000 0.139063
5 0.162500 0.359375 0.056250 0.056250
8 0.162500 0.409375 0.087500 0.065625
2 0.112500 0.415625 0.025000 0.025000
2 0.212500 0.415625 0.025000 0.025000
7 0.140625 0.456250 0.028125 0.028125
7 0.184375 0.456250 0.028125 0.028125
0 0.350000 0.350781 0.121875 0.132812
1 0.350000 0.310937 0.053125 0.053125
4 0.350000 0.357812 0.084375 0.062500
2 0.301563 0.364063 0.025000 0.025000
2 0.398438 0.364063 0.025000 0.025000
3 0.328125 0.403125 0.028125 0.028125
3 0.371875 0.403125 0.028125 0.028125
