0 0.689063 0.589844 0.121875 0.135937
5 0.689063 0.550000 0.056250 0.056250
4 0.689063 0.598437 0.084375 0.062500
6 0.640625 0.604688 0.025000 0.025000
6 0.737500 0.604688 0.025000 0.025000
7 0.667188 0.643750 0.028125 0.028125
7 0.710938 0.643750 0.028125 0.028125
0 0.787500 0.797656 0.096875 0.107813
5 0.787500 0.765625 0.043750 0.043750
8 0.787500 0.804688 0.068750 0.050000
6 0.748437 0.809375 0.018750 0.018750
6 0.826562 0.809375 0.018750 0.018750
3 0.770312 0.840625 0.021875 0.021875
3 0.804688 0.840625 0.021875 0.021875
0 0.650000 0.737500 0.118750 0.131250
5 0.650000 0.698438 0.053125 0.053125
8 0.650000 0.745313 0.081250 0.059375
2 0.603125 0.751563 0.025000 0.025000
2 0.696875 0.751563 0.025000 0.025000
7 0.629687 0.789062 0.028125 0.028125
7 0.670312 0.789062 0.028125 0.028125
