0 0.431250 0.645312 0.118750 0.131250
1 0.431250 0.606250 0.053125 0.053125
8 0.431250 0.653125 0.081250 0.059375
6 0.384375 0.659375 0.025000 0.025000
6 0.478125 0.659375 0.025000 0.025000
3 0.410938 0.696875 0.028125 0.028125
3 0.451562 0.696875 0.028125 0.028125
0 0.585938 0.414844 0.081250 0.092188
1 0.585938 0.387500 0.037500 0.037500
8 0.585938 0.420312 0.059375 0.043750
6 0.553125 0.425000 0.015625 0.015625
6 0.618750 0.425000 0.015625 0.015625
3 0.570312 0.451562 0.018750 0.018750
3 0.601562 0.451562 0.018750 0.018750
0 0.318750 0.263281 0.125000 0.139063
5 0.318750 0.221875 0.056250 0.056250
4 0.318750 0.271875 0.087500 0.065625
2 0.268750 0.278125 0.025000 0.025000
2 0.368750 0.278125 0.025000 0.025000
7 0.296875 0.318750 0.028125 0.028125
7 0.340625 0.318750 0.028125 0.028125
0 0.646875 0.669531 0.093750 0.101562
5 0.646875 0.639062 0.040625 0.040625
8 0.646875 0.675000 0.065625 0.046875
6 0.609375 0.679688 0.018750 0.018750
6 0.684375 0.679688 0.018750 0.018750
7 0.629687 0.709375 0.021875 0.021875
7 0.664062 0.709375 0.021875 0.021875
