0 0.732812 0.462500 0.109375 0.121875
5 0.732812 0.426563 0.050000 0.050000
4 0.732812 0.470313 0.078125 0.056250
2 0.689063 0.476562 0.021875 0.021875
2 0.776563 0.476562 0.021875 0.021875
7 0.712500 0.510938 0.025000 0.025000
7 0.753125 0.510938 0.025000 0.025000
0 0.243750 0.609375 0.103125 0.115625
1 0.243750 0.575000 0.046875 0.046875
4 0.243750 0.615625 0.071875 0.053125
6 0.203125 0.621875 0.021875 0.021875
6 0.284375 0.621875 0.021875 0.021875
7 0.225000 0.654687 0.025000 0.025000
7 0.262500 0.654687 0.025000 0.025000
0 0.582812 0.547656 0.090625 0.101562
1 0.582812 0.517188 0.040625 0.040625
4 0.582812 0.553125 0.062500 0.046875
6 0.546875 0.557813 0.018750 0.018750
6 0.618750 0.557813 0.018750 0.018750
3 0.567187 0.587500 0.021875 0.021875
3 0.598437 0.587500 0.021875 0.021875
