0 0.642188 0.237500 0.103125 0.115625
1 0.642188 0.203125 0.046875 0.046875
8 0.642188 0.243750 0.071875 0.053125
2 0.601562 0.250000 0.021875 0.021875
2 0.682813 0.250000 0.021875 0.021875
3 0.623437 0.282813 0.025000 0.025000
3 0.660937 0.282813 0.025000 0.025000
0 0.804688 0.228125 0.112500 0.131250
1 0.804688 0.189062 0.053125 0.053125
4 0.804688 0.235937 0.081250 0.059375
2 0.759375 0.242188 0.021875 0.021875
2 0.850000 0.242188 0.021875 0.021875
7 0.784375 0.279687 0.028125 0.028125
7 0.825000 0.279687 0.028125 0.028125
0 0.759375 0.499219 0.125000 0.139063
1 0.759375 0.457813 0.056250 0.056250
4 0.759375 0.507812 0.087500 0.065625
2 0.709375 0.514062 0.025000 0.025000
2 0.809375 0.514062 0.025000 0.025000
3 0.737500 0.554688 0.028125 0.028125
3 0.781250 0.554688 0.028125 0.028125
