0 0.721875 0.779687 0.106250 0.121875
1 0.721875 0.743750 0.050000 0.050000
4 0.721875 0.787500 0.075000 0.056250
2 0.679688 0.793750 0.021875 0.021875
2 0.764062 0.793750 0.021875 0.021875
3 0.701562 0.828125 0.025000 0.025000
3 0.742188 0.828125 0.025000 0.025000
0 0.257812 0.438281 0.090625 0.101562
1 0.257812 0.407813 0.040625 0.040625
8 0.257812 0.443750 0.062500 0.046875
2 0.221875 0.448437 0.018750 0.018750
2 0.293750 0.448437 0.018750 0.018750
3 0.242188 0.478125 0.021875 0.021875
3 0.273438 0.478125 0.021875 0.021875
0 0.582812 0.305469 0.096875 0.107813
1 0.582812 0.273438 0.043750 0.043750
4 0.582812 0.312500 0.068750 0.050000
6 0.543750 0.317188 0.018750 0.018750
6 0.621875 0.317188 0.018750 0.018750
3 0.565625 0.348438 0.021875 0.021875
3 0.600000 0.348438 0.021875 0.021875
0 0.548438 0.482031 0.093750 0.101562
1 0.548438 0.451562 0.040625 0.040625
4 0.548438 0.487500 0.065625 0.046875
2 0.510938 0.492188 0.018750 0.018750
2 0.585938 0.492188 0.018750 0.018750
3 0.531250 0.521875 0.021875 0.021875
3 0.565625 0.521875 0.021875 0.021875
