0 0.403125 0.252344 0.090625 0.101562
1 0.403125 0.221875 0.040625 0.040625
4 0.403125 0.257812 0.062500 0.046875
2 0.367188 0.262500 0.018750 0.018750
2 0.439063 0.262500 0.018750 0.018750
3 0.387500 0.292187 0.021875 0.021875
3 0.418750 0.292187 0.021875 0.021875
0 0.326562 0.546094 0.125000 0.135937
1 0.326562 0.506250 0.056250 0.056250
4 0.326562 0.554688 0.087500 0.062500
6 0.276562 0.560937 0.025000 0.025000
6 0.376563 0.560937 0.025000 0.025000
3 0.304688 0.600000 0.028125 0.028125
3 0.348438 0.600000 0.028125 0.028125
0 0.695312 0.325781 0.090625 0.095312
1 0.695312 0.298438 0.040625 0.040625
4 0.695312 0.332813 0.062500 0.043750
2 0.659375 0.337500 0.018750 0.018750
2 0.731250 0.337500 0.018750 0.018750
3 0.679688 0.364063 0.018750 0.018750
3 0.710938 0.364063 0.018750 0.018750
