0 0.642188 0.385937 0.106250 0.118750
5 0.642188 0.350000 0.046875 0.046875
4 0.642188 0.392188 0.075000 0.056250
2 0.600000 0.398438 0.021875 0.021875
2 0.684375 0.398438 0.021875 0.021875
3 0.623437 0.432812 0.025000 0.025000
3 0.660937 0.432812 0.025000 0.025000
0 0.410938 0.449219 0.121875 0.135937
5 0.410938 0.409375 0.056250 0.056250
4 0.410938 0.457813 0.084375 0.062500
2 0.362500 0.464062 0.025000 0.025000
2 0.459375 0.464062 0.025000 0.025000
7 0.389062 0.503125 0.028125 0.028125
7 0.432812 0.503125 0.028125 0.028125
0 0.839063 0.603125 0.118750 0.131250
1 0.839063 0.564063 0.053125 0.053125
4 0.839063 0.610938 0.081250 0.059375
2 0.792188 0.617188 0.025000 0.025000
2 0.885938 0.617188 0.025000 0.025000
3 0.818750 0.654687 0.028125 0.028125
3 0.859375 0.654687 0.028125 0.028125
