0 0.320312 0.257812 0.118750 0.131250
1 0.320312 0.218750 0.053125 0.053125
8 0.320312 0.265625 0.081250 0.059375
2 0.273438 0.271875 0.025000 0.025000
2 0.367188 0.271875 0.025000 0.025000
7 0.300000 0.309375 0.028125 0.028125
7 0.340625 0.309375 0.028125 0.028125
0 0.281250 0.669531 0.093750 0.104688
5 0.281250 0.639062 0.043750 0.043750
8 0.281250 0.676562 0.065625 0.046875
2 0.243750 0.681250 0.018750 0.018750
2 0.318750 0.681250 0.018750 0.018750
7 0.264062 0.710938 0.021875 0.021875
7 0.298438 0.710938 0.021875 0.021875
0 0.440625 0.460938 0.106250 0.115625
5 0.440625 0.426563 0.046875 0.046875
4 0.440625 0.467187 0.075000 0.053125
6 0.398438 0.473438 0.021875 0.021875
6 0.482812 0.473438 0.021875 0.021875
7 0.421875 0.506250 0.025000 0.025000
7 0.459375 0.506250 0.025000 0.025000
0 0.564063 0.283594 0.121875 0.132812
1 0.564063 0.243750 0.053125 0.053125
4 0.564063 0.290625 0.084375 0.062500
6 0.515625 0.296875 0.025000 0.025000
6 0.612500 0.296875 0.025000 0.025000
7 0.542188 0.335938 0.028125 0.028125
7 0.585938 0.335938 0.028125 0.028125
0 0.793750 0.484375 0.109375 0.121875
1 0.793750 0.448437 0.050000 0.050000
4 0.793750 0.492188 0.078125 0.056250
6 0.750000 0.498437 0.021875 0.021875
6 0.837500 0.498437 0.021875 0.021875
3 0.773438 0.532813 0.025000 0.025000
3 0.814063 0.532813 0.025000 0.025000
