0 0.198437 0.476562 0.109375 0.128125
5 0.198437 0.437500 0.050000 0.050000
4 0.198437 0.482812 0.078125 0.059375
2 0.154688 0.489063 0.021875 0.021875
2 0.242188 0.489063 0.021875 0.021875
3 0.178125 0.526563 0.028125 0.028125
3 0.218750 0.526563 0.028125 0.028125
0 0.529687 0.640625 0.103125 0.115625
1 0.529687 0.606250 0.046875 0.046875
4 0.529687 0.646875 0.071875 0.053125
2 0.489063 0.653125 0.021875 0.021875
2 0.570312 0.653125 0.021875 0.021875
3 0.510938 0.685937 0.025000 0.025000
3 0.548438 0.685937 0.025000 0.025000
0 0.357812 0.296094 0.121875 0.132812
1 0.357812 0.256250 0.053125 0.053125
4 0.357812 0.303125 0.084375 0.062500
2 0.309375 0.309375 0.025000 0.025000
2 0.406250 0.309375 0.025000 0.025000
3 0.335938 0.348438 0.028125 0.028125
3 0.379688 0.348438 0.028125 0.028125
0 0.723437 0.268750 0.109375 0.121875
1 0.723437 0.232813 0.050000 0.050000
4 0.723437 0.276562 0.078125 0.056250
2 0.679688 0.282813 0.021875 0.021875
2 0.767188 0.282813 0.021875 0.021875
3 0.703125 0.317188 0.025000 0.025000
3 0.743750 0.317188 0.025000 0.025000
