0 0.425000 0.758594 0.081250 0.092188
1 0.425000 0.731250 0.037500 0.037500
4 0.425000 0.764062 0.059375 0.043750
2 0.392188 0.768750 0.015625 0.015625
2 0.457813 0.768750 0.015625 0.015625
3 0.409375 0.795312 0.018750 0.018750
3 0.440625 0.795312 0.018750 0.018750
0 0.637500 0.512500 0.112500 0.131250
1 0.637500 0.473438 0.053125 0.053125
4 0.637500 0.520312 0.081250 0.059375
2 0.592187 0.526563 0.021875 0.021875
2 0.682813 0.526563 0.021875 0.021875
3 0.617188 0.564063 0.028125 0.028125
3 0.657813 0.564063 0.028125 0.028125
0 0.285938 0.517969 0.093750 0.104688
5 0.285938 0.487500 0.043750 0.043750
4 0.285938 0.525000 0.065625 0.046875
2 0.248438 0.529687 0.018750 0.018750
2 0.323437 0.529687 0.018750 0.018750
3 0.268750 0.559375 0.021875 0.021875
3 0.303125 0.559375 0.021875 0.021875
0 0.545312 0.258594 0.096875 0.107813
1 0.545312 0.226562 0.043750 0.043750
4 0.545312 0.265625 0.068750 0.050000
2 0.506250 0.270313 0.018750 0.018750
2 0.584375 0.270313 0.018750 0.018750
3 0.528125 0.301563 0.021875 0.021875
3 0.562500 0.301563 0.021875 0.021875
0 0.165625 0.318750 0.103125 0.115625
1 0.165625 0.284375 0.046875 0.046875
4 0.165625 0.325000 0.071875 0.053125
2 0.125000 0.331250 0.021875 0.021875
2 0.206250 0.331250 0.021875 0.021875
3 0.146875 0.364063 0.025000 0.025000
3 0.184375 0.364063 0.025000 0.025000
0 0.193750 0.652344 0.096875 0.107813
1 0.193750 0.620313 0.043750 0.043750
4 0.193750 0.659375 0.068750 0.050000
2 0.154688 0.664062 0.018750 0.018750
2 0.232813 0.664062 0.018750 0.018750
3 0.176563 0.695312 0.021875 0.021875
3 0.210938 0.695312 0.021875 0.021875
