0 0.448437 0.588281 0.121875 0.132812
1 0.448437 0.548438 0.053125 0.053125
4 0.448437 0.595313 0.084375 0.062500
6 0.400000 0.601562 0.025000 0.025000
6 0.496875 0.601562 0.025000 0.025000
3 0.426563 0.640625 0.028125 0.028125
3 0.470313 0.640625 0.028125 0.028125
0 0.768750 0.460938 0.103125 0.115625
1 0.768750 0.426563 0.046875 0.046875
4 0.768750 0.467187 0.071875 0.053125
2 0.728125 0.473438 0.021875 0.021875
2 0.809375 0.473438 0.021875 0.021875
3 0.750000 0.506250 0.025000 0.025000
3 0.787500 0.506250 0.025000 0.025000
0 0.215625 0.320312 0.112500 0.131250
1 0.215625 0.281250 0.053125 0.053125
4 0.215625 0.328125 0.081250 0.059375
2 0.170313 0.334375 0.021875 0.021875
2 0.260937 0.334375 0.021875 0.021875
3 0.195312 0.371875 0.028125 0.028125
3 0.235937 0.371875 0.028125 0.028125
0 0.221875 0.728125 0.112500 0.131250
1 0.221875 0.689063 0.053125 0.053125
4 0.221875 0.735938 0.081250 0.059375
2 0.176563 0.742188 0.021875 0.021875
2 0.267188 0.742188 0.021875 0.021875
7 0.201563 0.779687 0.028125 0.028125
7 0.242188 0.779687 0.028125 0.028125
0 0.237500 0.466406 0.096875 0.107813
1 0.237500 0.434375 0.043750 0.043750
4 0.237500 0.473438 0.068750 0.050000
2 0.198437 0.478125 0.018750 0.018750
2 0.276562 0.478125 0.018750 0.018750
3 0.220312 0.509375 0.021875 0.021875
3 0.254688 0.509375 0.021875 0.021875
0 0.579688 0.732812 0.109375 0.121875
5 0.579688 0.696875 0.050000 0.050000
8 0.579688 0.740625 0.078125 0.056250
2 0.535937 0.746875 0.021875 0.021875
2 0.623437 0.746875 0.021875 0.021875
3 0.559375 0.781250 0.025000 0.025000
3 0.600000 0.781250 0.025000 0.025000
