0 0.245312 0.762500 0.103125 0.115625
5 0.245312 0.728125 0.046875 0.046875
4 0.245312 0.768750 0.071875 0.053125
6 0.204687 0.775000 0.021875 0.021875
6 0.285938 0.775000 0.021875 0.021875
7 0.226562 0.807813 0.025000 0.025000
7 0.264062 0.807813 0.025000 0.025000
0 0.807813 0.734375 0.109375 0.121875
5 0.807813 0.698438 0.050000 0.050000
4 0.807813 0.742188 0.078125 0.056250
6 0.764062 0.748437 0.021875 0.021875
6 0.851562 0.748437 0.021875 0.021875
7 0.787500 0.782813 0.025000 0.025000
7 0.828125 0.782813 0.025000 0.025000
0 0.681250 0.331250 0.109375 0.128125
1 0.681250 0.292187 0.050000 0.050000
8 0.681250 0.337500 0.078125 0.059375
6 0.637500 0.343750 0.021875 0.021875
6 0.725000 0.343750 0.021875 0.021875
7 0.660937 0.381250 0.028125 0.028125
7 0.701562 0.381250 0.028125 0.028125
