0 0.279687 0.665625 0.103125 0.115625
5 0.279687 0.631250 0.046875 0.046875
4 0.279687 0.671875 0.071875 0.053125
6 0.239063 0.678125 0.021875 0.021875
6 0.320312 0.678125 0.021875 0.021875
3 0.260937 0.710938 0.025000 0.025000
3 0.298438 0.710938 0.025000 0.025000
0 0.209375 0.402344 0.090625 0.095312
1 0.209375 0.375000 0.040625 0.040625
8 0.209375 0.409375 0.062500 0.043750
2 0.173437 0.414062 0.018750 0.018750
2 0.245312 0.414062 0.018750 0.018750
7 0.193750 0.440625 0.018750 0.018750
7 0.225000 0.440625 0.018750 0.018750
0 0.442188 0.261719 0.093750 0.101562
5 0.442188 0.231250 0.040625 0.040625
8 0.442188 0.267188 0.065625 0.046875
2 0.404687 0.271875 0.018750 0.018750
2 0.479687 0.271875 0.018750 0.018750
7 0.425000 0.301563 0.021875 0.021875
7 0.459375 0.301563 0.021875 0.021875
