0 0.745313 0.406250 0.118750 0.131250
1 0.745313 0.367188 0.053125 0.053125
8 0.745313 0.414062 0.081250 0.059375
6 0.698438 0.420312 0.025000 0.025000
6 0.792188 0.420312 0.025000 0.025000
7 0.725000 0.457813 0.028125 0.028125
7 0.765625 0.457813 0.028125 0.028125
0 0.529687 0.610156 0.090625 0.098437
5 0.529687 0.581250 0.040625 0.040625
8 0.529687 0.615625 0.062500 0.043750
2 0.493750 0.620313 0.018750 0.018750
2 0.565625 0.620313 0.018750 0.018750
3 0.514062 0.648438 0.021875 0.021875
3 0.545312 0.648438 0.021875 0.021875
0 0.425000 0.475781 0.090625 0.101562
1 0.425000 0.445312 0.040625 0.040625
4 0.425000 0.481250 0.062500 0.046875
2 0.389062 0.485938 0.018750 0.018750
2 0.460938 0.485938 0.018750 0.018750
7 0.409375 0.515625 0.021875 0.021875
7 0.440625 0.515625 0.021875 0.021875
0 0.400000 0.788281 0.096875 0.107813
1 0.400000 0.756250 0.043750 0.043750
4 0.400000 0.795312 0.068750 0.050000
6 0.360938 0.800000 0.018750 0.018750
6 0.439063 0.800000 0.018750 0.018750
3 0.382812 0.831250 0.021875 0.021875
3 0.417187 0.831250 0.021875 0.021875
0 0.546875 0.277344 0.093750 0.101562
1 0.546875 0.246875 0.040625 0.040625
8 0.546875 0.282813 0.065625 0.046875
2 0.509375 0.287500 0.018750 0.018750
2 0.584375 0.287500 0.018750 0.018750
7 0.529687 0.317188 0.021875 0.021875
7 0.564063 0.317188 0.021875 0.021875
0 0.729688 0.655469 0.093750 0.101562
5 0.729688 0.625000 0.040625 0.040625
4 0.729688 0.660937 0.065625 0.046875
6 0.692187 0.665625 0.018750 0.018750
6 0.767188 0.665625 0.018750 0.018750
3 0.712500 0.695312 0.021875 0.021875
3 0.746875 0.695312 0.021875 0.021875
