0 0.756250 0.311719 0.093750 0.101562
5 0.756250 0.281250 0.040625 0.040625
4 0.756250 0.317188 0.065625 0.046875
6 0.718750 0.321875 0.018750 0.018750
6 0.793750 0.321875 0.018750 0.018750
7 0.740625 0.351562 0.021875 0.021875
7 0.771875 0.351562 0.021875 0.021875
0 0.562500 0.600000 0.109375 0.125000
1 0.562500 0.562500 0.050000 0.050000
8 0.562500 0.607812 0.078125 0.059375
2 0.518750 0.614062 0.021875 0.021875
2 0.606250 0.614062 0.021875 0.021875
7 0.542188 0.650000 0.025000 0.025000
7 0.582812 0.650000 0.025000 0.025000
0 0.606250 0.236719 0.125000 0.139063
5 0.606250 0.195312 0.056250 0.056250
4 0.606250 0.245312 0.087500 0.065625
6 0.556250 0.251563 0.025000 0.025000
6 0.656250 0.251563 0.025000 0.025000
7 0.584375 0.292187 0.028125 0.028125
7 0.628125 0.292187 0.028125 0.028125
