0 0.354687 0.615625 0.109375 0.121875
1 0.354687 0.579688 0.050000 0.050000
4 0.354687 0.623437 0.078125 0.056250
2 0.310937 0.629687 0.021875 0.021875
2 0.398438 0.629687 0.021875 0.021875
3 0.334375 0.664062 0.025000 0.025000
3 0.375000 0.664062 0.025000 0.025000
0 0.326562 0.242969 0.090625 0.098437
1 0.326562 0.214062 0.040625 0.040625
4 0.326562 0.248438 0.062500 0.043750
2 0.290625 0.253125 0.018750 0.018750
2 0.362500 0.253125 0.018750 0.018750
7 0.310937 0.281250 0.021875 0.021875
7 0.342187 0.281250 0.021875 0.021875
0 0.196875 0.449219 0.090625 0.101562
1 0.196875 0.418750 0.040625 0.040625
4 0.196875 0.454688 0.062500 0.046875
2 0.160938 0.459375 0.018750 0.018750
2 0.232813 0.459375 0.018750 0.018750
3 0.181250 0.489063 0.021875 0.021875
3 0.212500 0.489063 0.021875 0.021875
