0 0.178125 0.325000 0.112500 0.131250
1 0.178125 0.285938 0.053125 0.053125
4 0.178125 0.332813 0.081250 0.059375
2 0.132812 0.339062 0.021875 0.021875
2 0.223438 0.339062 0.021875 0.021875
3 0.157812 0.376563 0.028125 0.028125
3 0.198437 0.376563 0.028125 0.028125
0 0.593750 0.407813 0.106250 0.121875
1 0.593750 0.371875 0.050000 0.050000
4 0.593750 0.415625 0.075000 0.056250
2 0.551562 0.421875 0.021875 0.021875
2 0.635938 0.421875 0.021875 0.021875
3 0.575000 0.456250 0.025000 0.025000
3 0.612500 0.456250 0.025000 0.025000
0 0.518750 0.786719 0.121875 0.132812
1 0.518750 0.746875 0.053125 0.053125
4 0.518750 0.793750 0.084375 0.062500
2 0.470313 0.800000 0.025000 0.025000
2 0.567187 0.800000 0.025000 0.025000
3 0.496875 0.839063 0.028125 0.028125
3 0.540625 0.839063 0.028125 0.028125
0 0.428125 0.357031 0.121875 0.135937
1 0.428125 0.317188 0.056250 0.056250
4 0.428125 0.365625 0.084375 0.062500
2 0.379688 0.371875 0.025000 0.025000
2 0.476562 0.371875 0.025000 0.025000
3 0.406250 0.410938 0.028125 0.028125
3 0.450000 0.410938 0.028125 0.028125
