0 0.509375 0.250000 0.106250 0.115625
1 0.509375 0.215625 0.046875 0.046875
4 0.509375 0.256250 0.075000 0.053125
6 0.467187 0.262500 0.021875 0.021875
6 0.551562 0.262500 0.021875 0.021875
7 0.490625 0.295312 0.025000 0.025000
7 0.528125 0.295312 0.025000 0.025000
0 0.214062 0.360156 0.096875 0.107813
1 0.214062 0.328125 0.043750 0.043750
8 0.214062 0.367188 0.068750 0.050000
6 0.175000 0.371875 0.018750 0.018750
6 0.253125 0.371875 0.018750 0.018750
7 0.196875 0.403125 0.021875 0.021875
7 0.231250 0.403125 0.021875 0.021875
0 0.357812 0.369531 0.121875 0.135937
1 0.357812 0.329688 0.056250 0.056250
8 0.357812 0.378125 0.084375 0.062500
2 0.309375 0.384375 0.025000 0.025000
2 0.406250 0.384375 0.025000 0.025000
7 0.335938 0.423438 0.028125 0.028125
7 0.379688 0.423438 0.028125 0.028125
0 0.651563 0.738281 0.096875 0.107813
5 0.651563 0.706250 0.043750 0.043750
8 0.651563 0.745313 0.068750 0.050000
2 0.612500 0.750000 0.018750 0.018750
2 0.690625 0.750000 0.018750 0.018750
7 0.634375 0.781250 0.021875 0.021875
7 0.668750 0.781250 0.021875 0.021875
0 0.514062 0.775781 0.090625 0.098437
5 0.514062 0.746875 0.040625 0.040625
8 0.514062 0.781250 0.062500 0.043750
2 0.478125 0.785937 0.018750 0.018750
2 0.550000 0.785937 0.018750 0.018750
7 0.498437 0.814063 0.021875 0.021875
7 0.529687 0.814063 0.021875 0.021875
