0 0.421875 0.777344 0.096875 0.107813
1 0.421875 0.745313 0.043750 0.043750
4 0.421875 0.784375 0.068750 0.050000
2 0.382812 0.789062 0.018750 0.018750
2 0.460938 0.789062 0.018750 0.018750
7 0.404687 0.820312 0.021875 0.021875
7 0.439063 0.820312 0.021875 0.021875
0 0.603125 0.530469 0.087500 0.092188
1 0.603125 0.503125 0.037500 0.037500
4 0.603125 0.535937 0.059375 0.043750
2 0.568750 0.540625 0.018750 0.018750
2 0.637500 0.540625 0.018750 0.018750
7 0.587500 0.567187 0.018750 0.018750
7 0.618750 0.567187 0.018750 0.018750
0 0.201563 0.588281 0.125000 0.135937
5 0.201563 0.548438 0.056250 0.056250
4 0.201563 0.596875 0.087500 0.062500
2 0.151562 0.603125 0.025000 0.025000
2 0.251563 0.603125 0.025000 0.025000
3 0.179688 0.642188 0.028125 0.028125
3 0.223438 0.642188 0.028125 0.028125
0 0.307812 0.694531 0.093750 0.107813
1 0.307812 0.662500 0.043750 0.043750
8 0.307812 0.701562 0.065625 0.050000
2 0.270313 0.706250 0.018750 0.018750
2 0.345313 0.706250 0.018750 0.018750
3 0.290625 0.737500 0.021875 0.021875
3 0.325000 0.737500 0.021875 0.021875
