0 0.396875 0.636719 0.093750 0.101562
1 0.396875 0.606250 0.040625 0.040625
4 0.396875 0.642188 0.065625 0.046875
6 0.359375 0.646875 0.018750 0.018750
6 0.434375 0.646875 0.018750 0.018750
3 0.379688 0.676562 0.021875 0.021875
3 0.414062 0.676562 0.021875 0.021875
0 0.307812 0.761719 0.121875 0.132812
5 0.307812 0.721875 0.053125 0.053125
4 0.307812 0.768750 0.084375 0.062500
2 0.259375 0.775000 0.025000 0.025000
2 0.356250 0.775000 0.025000 0.025000
7 0.285938 0.814063 0.028125 0.028125
7 0.329688 0.814063 0.028125 0.028125
0 0.551562 0.309375 0.118750 0.131250
5 0.551562 0.270313 0.053125 0.053125
8 0.551562 0.317188 0.081250 0.059375
6 0.504687 0.323437 0.025000 0.025000
6 0.598437 0.323437 0.025000 0.025000
7 0.531250 0.360938 0.028125 0.028125
7 0.571875 0.360938 0.028125 0.028125
0 0.785937 0.727344 0.090625 0.101562
1 0.785937 0.696875 0.040625 0.040625
4 0.785937 0.732812 0.062500 0.046875
2 0.750000 0.737500 0.018750 0.018750
2 0.821875 0.737500 0.018750 0.018750
7 0.770312 0.767188 0.021875 0.021875
7 0.801562 0.767188 0.021875 0.021875
