0 0.279687 0.427344 0.090625 0.101562
1 0.279687 0.396875 0.040625 0.040625
4 0.279687 0.432812 0.062500 0.046875
2 0.243750 0.437500 0.018750 0.018750
2 0.315625 0.437500 0.018750 0.018750
3 0.264062 0.467187 0.021875 0.021875
3 0.295312 0.467187 0.021875 0.021875
0 0.692187 0.746094 0.125000 0.139063
5 0.692187 0.704688 0.056250 0.056250
4 0.692187 0.754687 0.087500 0.065625
2 0.642188 0.760938 0.025000 0.025000
2 0.742188 0.760938 0.025000 0.025000
3 0.670312 0.801562 0.028125 0.028125
3 0.714063 0.801562 0.028125 0.028125
0 0.254688 0.653125 0.103125 0.115625
1 0.254688 0.618750 0.046875 0.046875
4 0.254688 0.659375 0.071875 0.053125
2 0.214062 0.665625 0.021875 0.021875
2 0.295312 0.665625 0.021875 0.021875
3 0.235937 0.698438 0.025000 0.025000
3 0.273438 0.698438 0.025000 0.025000
0 0.445312 0.523438 0.103125 0.115625
1 0.445312 0.489063 0.046875 0.046875
4 0.445312 0.529687 0.071875 0.053125
2 0.404687 0.535937 0.021875 0.021875
2 0.485938 0.535937 0.021875 0.021875
3 0.426563 0.568750 0.025000 0.025000
3 0.464062 0.568750 0.025000 0.025000
0 0.707812 0.321094 0.093750 0.101562
1 0.707812 0.290625 0.040625 0.040625
4 0.707812 0.326562 0.065625 0.046875
2 0.670312 0.331250 0.018750 0.018750
2 0.745313 0.331250 0.018750 0.018750
3 0.690625 0.360938 0.021875 0.021875
3 0.725000 0.360938 0.021875 0.021875
