0 0.565625 0.685156 0.096875 0.107813
1 0.565625 0.653125 0.043750 0.043750
4 0.565625 0.692187 0.068750 0.050000
6 0.526563 0.696875 0.018750 0.018750
6 0.604688 0.696875 0.018750 0.018750
3 0.548438 0.728125 0.021875 0.021875
3 0.582812 0.728125 0.021875 0.021875
0 0.425000 0.641406 0.125000 0.135937
1 0.425000 0.601562 0.056250 0.056250
8 0.425000 0.650000 0.087500 0.062500
6 0.375000 0.656250 0.025000 0.025000
6 0.475000 0.656250 0.025000 0.025000
3 0.403125 0.695312 0.028125 0.028125
3 0.446875 0.695312 0.028125 0.028125
0 0.214062 0.482031 0.090625 0.095312
1 0.214062 0.454688 0.040625 0.040625
4 0.214062 0.489063 0.062500 0.043750
2 0.178125 0.493750 0.018750 0.018750
2 0.250000 0.493750 0.018750 0.018750
3 0.198437 0.520312 0.018750 0.018750
3 0.229687 0.520312 0.018750 0.018750
0 0.285938 0.238281 0.096875 0.107813
1 0.285938 0.206250 0.043750 0.043750
4 0.285938 0.245312 0.068750 0.050000
2 0.246875 0.250000 0.018750 0.018750
2 0.325000 0.250000 0.018750 0.018750
3 0.268750 0.281250 0.021875 0.021875
3 0.303125 0.281250 0.021875 0.021875
