0 0.696875 0.756250 0.109375 0.125000
1 0.696875 0.718750 0.050000 0.050000
4 0.696875 0.764062 0.078125 0.059375
2 0.653125 0.770312 0.021875 0.021875
2 0.740625 0.770312 0.021875 0.021875
7 0.676562 0.806250 0.025000 0.025000
7 0.717187 0.806250 0.025000 0.025000
0 0.298438 0.271094 0.087500 0.095312
1 0.298438 0.243750 0.040625 0.040625
4 0.298438 0.278125 0.059375 0.043750
6 0.264062 0.282813 0.018750 0.018750
6 0.332813 0.282813 0.018750 0.018750
3 0.282813 0.309375 0.018750 0.018750
3 0.314063 0.309375 0.018750 0.018750
0 0.848437 0.287500 0.109375 0.121875
1 0.848437 0.251563 0.050000 0.050000
4 0.848437 0.295312 0.078125 0.056250
2 0.804688 0.301563 0.021875 0.021875
2 0.892188 0.301563 0.021875 0.021875
3 0.828125 0.335938 0.025000 0.025000
3 0.868750 0.335938 0.025000 0.025000
0 0.318750 0.538281 0.096875 0.107813
1 0.318750 0.506250 0.043750 0.043750
4 0.318750 0.545312 0.068750 0.050000
2 0.279687 0.550000 0.018750 0.018750
2 0.357812 0.550000 0.018750 0.018750
3 0.301563 0.581250 0.021875 0.021875
3 0.335938 0.581250 0.021875 0.021875
0 0.685937 0.298438 0.103125 0.115625
1 0.685937 0.264062 0.046875 0.046875
4 0.685937 0.304688 0.071875 0.053125
2 0.645312 0.310937 0.021875 0.021875
2 0.726562 0.310937 0.021875 0.021875
3 0.667188 0.343750 0.025000 0.025000
3 0.704688 0.343750 0.025000 0.025000
