0 0.820312 0.447656 0.125000 0.135937
5 0.820312 0.407813 0.056250 0.056250
8 0.820312 0.456250 0.087500 0.062500
6 0.770312 0.462500 0.025000 0.025000
6 0.870313 0.462500 0.025000 0.025000
3 0.798438 0.501563 0.028125 0.028125
3 0.842187 0.501563 0.028125 0.028125
0 0.321875 0.628906 0.093750 0.101562
5 0.321875 0.598437 0.040625 0.040625
4 0.321875 0.634375 0.065625 0.046875
2 0.284375 0.639062 0.018750 0.018750
2 0.359375 0.639062 0.018750 0.018750
3 0.304688 0.668750 0.021875 0.021875
3 0.339062 0.668750 0.021875 0.021875
0 0.471875 0.751563 0.112500 0.131250
1 0.471875 0.712500 0.053125 0.053125
4 0.471875 0.759375 0.081250 0.059375
6 0.426563 0.765625 0.021875 0.021875
6 0.517188 0.765625 0.021875 0.021875
7 0.451562 0.803125 0.028125 0.028125
7 0.492188 0.803125 0.028125 0.028125
0 0.640625 0.707812 0.106250 0.121875
1 0.640625 0.671875 0.050000 0.050000
8 0.640625 0.715625 0.075000 0.056250
6 0.598437 0.721875 0.021875 0.021875
6 0.682813 0.721875 0.021875 0.021875
3 0.621875 0.756250 0.025000 0.025000
3 0.659375 0.756250 0.025000 0.025000
0 0.368750 0.425781 0.093750 0.101562
5 0.368750 0.395313 0.040625 0.040625
8 0.368750 0.431250 0.065625 0.046875
6 0.331250 0.435937 0.018750 0.018750
6 0.406250 0.435937 0.018750 0.018750
3 0.351562 0.465625 0.021875 0.021875
3 0.385937 0.465625 0.021875 0.021875
