0 0.520312 0.586719 0.090625 0.101562
1 0.520312 0.556250 0.040625 0.040625
8 0.520312 0.592187 0.062500 0.046875
2 0.484375 0.596875 0.018750 0.018750
2 0.556250 0.596875 0.018750 0.018750
3 0.504687 0.626563 0.021875 0.021875
3 0.535937 0.626563 0.021875 0.021875
0 0.859375 0.250000 0.109375 0.128125
1 0.859375 0.210938 0.050000 0.050000
4 0.859375 0.256250 0.078125 0.059375
2 0.815625 0.262500 0.021875 0.021875
2 0.903125 0.262500 0.021875 0.021875
3 0.839063 0.300000 0.028125 0.028125
3 0.879687 0.300000 0.028125 0.028125
0 0.835938 0.689844 0.093750 0.107813
1 0.835938 0.657813 0.043750 0.043750
4 0.835938 0.696875 0.065625 0.050000
2 0.798438 0.701562 0.018750 0.018750
2 0.873437 0.701562 0.018750 0.018750
3 0.818750 0.732812 0.021875 0.021875
3 0.853125 0.732812 0.021875 0.021875
0 0.562500 0.757812 0.106250 0.115625
5 0.562500 0.723437 0.046875 0.046875
4 0.562500 0.764062 0.075000 0.053125
6 0.520312 0.770312 0.021875 0.021875
6 0.604688 0.770312 0.021875 0.021875
3 0.543750 0.803125 0.025000 0.025000
3 0.581250 0.803125 0.025000 0.025000
