0 0.304688 0.523438 0.109375 0.121875
1 0.304688 0.487500 0.050000 0.050000
4 0.304688 0.531250 0.078125 0.056250
2 0.260937 0.537500 0.021875 0.021875
2 0.348438 0.537500 0.021875 0.021875
7 0.284375 0.571875 0.025000 0.025000
7 0.325000 0.571875 0.025000 0.025000
0 0.689063 0.350781 0.121875 0.135937
1 0.689063 0.310937 0.056250 0.056250
4 0.689063 0.359375 0.084375 0.062500
2 0.640625 0.365625 0.025000 0.025000
2 0.737500 0.365625 0.025000 0.025000
3 0.667188 0.404687 0.028125 0.028125
3 0.710938 0.404687 0.028125 0.028125
0 0.635938 0.580469 0.121875 0.129688
1 0.635938 0.542188 0.053125 0.053125
4 0.635938 0.587500 0.084375 0.059375
2 0.587500 0.593750 0.025000 0.025000
2 0.684375 0.593750 0.025000 0.025000
3 0.614062 0.631250 0.028125 0.028125
3 0.657813 0.631250 0.028125 0.028125
0 0.300000 0.694531 0.093750 0.101562
1 0.300000 0.664062 0.040625 0.040625
8 0.300000 0.700000 0.065625 0.046875
2 0.262500 0.704688 0.018750 0.018750
2 0.337500 0.704688 0.018750 0.018750
3 0.282813 0.734375 0.021875 0.021875
3 0.317188 0.734375 0.021875 0.021875
0 0.795312 0.555469 0.125000 0.135937
1 0.795312 0.515625 0.056250 0.056250
4 0.795312 0.564063 0.087500 0.062500
2 0.745313 0.570312 0.025000 0.025000
2 0.845313 0.570312 0.025000 0.025000
3 0.773438 0.609375 0.028125 0.028125
3 0.817187 0.609375 0.028125 0.028125
