0 0.159375 0.339844 0.090625 0.101562
1 0.159375 0.309375 0.040625 0.040625
4 0.159375 0.345313 0.062500 0.046875
2 0.123438 0.350000 0.018750 0.018750
2 0.195312 0.350000 0.018750 0.018750
3 0.143750 0.379688 0.021875 0.021875
3 0.175000 0.379688 0.021875 0.021875
0 0.232813 0.682031 0.093750 0.101562
1 0.232813 0.651563 0.040625 0.040625
4 0.232813 0.687500 0.065625 0.046875
2 0.195312 0.692187 0.018750 0.018750
2 0.270313 0.692187 0.018750 0.018750
3 0.215625 0.721875 0.021875 0.021875
3 0.250000 0.721875 0.021875 0.021875
0 0.675000 0.494531 0.096875 0.107813
1 0.675000 0.462500 0.043750 0.043750
4 0.675000 0.501563 0.068750 0.050000
2 0.635938 0.506250 0.018750 0.018750
2 0.714063 0.506250 0.018750 0.018750
3 0.657813 0.537500 0.021875 0.021875
3 0.692187 0.537500 0.021875 0.021875
0 0.803125 0.756250 0.118750 0.131250
1 0.803125 0.717187 0.053125 0.053125
4 0.803125 0.764062 0.081250 0.059375
2 0.756250 0.770312 0.025000 0.025000
2 0.850000 0.770312 0.025000 0.025000
3 0.782813 0.807813 0.028125 0.028125
3 0.823438 0.807813 0.028125 0.028125
