0 0.489063 0.677344 0.087500 0.092188
1 0.489063 0.650000 0.037500 0.037500
8 0.489063 0.682813 0.059375 0.043750
2 0.454688 0.687500 0.018750 0.018750
2 0.523438 0.687500 0.018750 0.018750
3 0.473438 0.714063 0.018750 0.018750
3 0.504687 0.714063 0.018750 0.018750
0 0.710938 0.475781 0.096875 0.107813
1 0.710938 0.443750 0.043750 0.043750
8 0.710938 0.482812 0.068750 0.050000
2 0.671875 0.487500 0.018750 0.018750
2 0.750000 0.487500 0.018750 0.018750
3 0.693750 0.518750 0.021875 0.021875
3 0.728125 0.518750 0.021875 0.021875
0 0.225000 0.349219 0.093750 0.101562
5 0.225000 0.318750 0.040625 0.040625
8 0.225000 0.354687 0.065625 0.046875
6 0.187500 0.359375 0.018750 0.018750
6 0.262500 0.359375 0.018750 0.018750
3 0.209375 0.389062 0.021875 0.021875
3 0.240625 0.389062 0.021875 0.021875
0 0.428125 0.349219 0.090625 0.095312
5 0.428125 0.321875 0.040625 0.040625
8 0.428125 0.356250 0.062500 0.043750
6 0.392188 0.360938 0.018750 0.018750
6 0.464062 0.360938 0.018750 0.018750
3 0.412500 0.387500 0.018750 0.018750
3 0.443750 0.387500 0.018750 0.018750
0 0.220312 0.615625 0.109375 0.121875
1 0.220312 0.579688 0.050000 0.050000
8 0.220312 0.623437 0.078125 0.056250
6 0.176563 0.629687 0.021875 0.021875
6 0.264062 0.629687 0.021875 0.021875
7 0.200000 0.664062 0.025000 0.025000
7 0.240625 0.664062 0.025000 0.025000
0 0.857812 0.425781 0.121875 0.135937
1 0.857812 0.385937 0.056250 0.056250
8 0.857812 0.434375 0.084375 0.062500
2 0.809375 0.440625 0.025000 0.025000
2 0.906250 0.440625 0.025000 0.025000
3 0.835938 0.479687 0.028125 0.028125
3 0.879687 0.479687 0.028125 0.028125
