0 0.525000 0.257812 0.103125 0.115625
1 0.525000 0.223438 0.046875 0.046875
4 0.525000 0.264062 0.071875 0.053125
2 0.484375 0.270313 0.021875 0.021875
2 0.565625 0.270313 0.021875 0.021875
3 0.506250 0.303125 0.025000 0.025000
3 0.543750 0.303125 0.025000 0.025000
0 0.468750 0.456250 0.109375 0.121875
5 0.468750 0.420312 0.050000 0.050000
8 0.468750 0.464062 0.078125 0.056250
6 0.425000 0.470313 0.021875 0.021875
6 0.512500 0.470313 0.021875 0.021875
3 0.448437 0.504687 0.025000 0.025000
3 0.489063 0.504687 0.025000 0.025000
0 0.721875 0.610938 0.109375 0.121875
5 0.721875 0.575000 0.050000 0.050000
4 0.721875 0.618750 0.078125 0.056250
6 0.678125 0.625000 0.021875 0.021875
6 0.765625 0.625000 0.021875 0.021875
3 0.701562 0.659375 0.025000 0.025000
3 0.742188 0.659375 0.025000 0.025000
0 0.500000 0.617969 0.096875 0.107813
1 0.500000 0.585938 0.043750 0.043750
8 0.500000 0.625000 0.068750 0.050000
2 0.460938 0.629687 0.018750 0.018750
2 0.539062 0.629687 0.018750 0.018750
3 0.482812 0.660937 0.021875 0.021875
3 0.517188 0.660937 0.021875 0.021875
0 0.378125 0.259375 0.118750 0.131250
5 0.378125 0.220312 0.053125 0.053125
8 0.378125 0.267188 0.081250 0.059375
2 0.331250 0.273438 0.025000 0.025000
2 0.425000 0.273438 0.025000 0.025000
7 0.357812 0.310937 0.028125 0.028125
7 0.398438 0.310937 0.028125 0.028125
0 0.457813 0.803125 0.109375 0.121875
1 0.457813 0.767188 0.050000 0.050000
4 0.457813 0.810937 0.078125 0.056250
6 0.414062 0.817187 0.021875 0.021875
6 0.501563 0.817187 0.021875 0.021875
7 0.437500 0.851562 0.025000 0.025000
7 0.478125 0.851562 0.025000 0.025000
