0 0.739062 0.662500 0.118750 0.131250
1 0.739062 0.623437 0.053125 0.053125
4 0.739062 0.670312 0.081250 0.059375
2 0.692187 0.676562 0.025000 0.025000
2 0.785937 0.676562 0.025000 0.025000
3 0.718750 0.714063 0.028125 0.028125
3 0.759375 0.714063 0.028125 0.028125
0 0.367188 0.435937 0.109375 0.128125
1 0.367188 0.396875 0.050000 0.050000
4 0.367188 0.442188 0.078125 0.059375
2 0.323437 0.448437 0.021875 0.021875
2 0.410938 0.448437 0.021875 0.021875
3 0.346875 0.485938 0.028125 0.028125
3 0.387500 0.485938 0.028125 0.028125
0 0.173437 0.690625 0.106250 0.115625
1 0.173437 0.656250 0.046875 0.046875
4 0.173437 0.696875 0.075000 0.053125
2 0.131250 0.703125 0.021875 0.021875
2 0.215625 0.703125 0.021875 0.021875
3 0.154688 0.735938 0.025000 0.025000
3 0.192188 0.735938 0.025000 0.025000
0 0.642188 0.544531 0.090625 0.101562
1 0.642188 0.514062 0.040625 0.040625
4 0.642188 0.550000 0.062500 0.046875
2 0.606250 0.554688 0.018750 0.018750
2 0.678125 0.554688 0.018750 0.018750
3 0.626563 0.584375 0.021875 0.021875
3 0.657813 0.584375 0.021875 0.021875
0 0.770312 0.228906 0.090625 0.101562
1 0.770312 0.198437 0.040625 0.040625
4 0.770312 0.234375 0.062500 0.046875
6 0.734375 0.239063 0.018750 0.018750
6 0.806250 0.239063 0.018750 0.018750
3 0.754687 0.268750 0.021875 0.021875
3 0.785937 0.268750 0.021875 0.021875
