0 0.481250 0.763281 0.096875 0.107813
5 0.481250 0.731250 0.043750 0.043750
4 0.481250 0.770312 0.068750 0.050000
2 0.442188 0.775000 0.018750 0.018750
2 0.520312 0.775000 0.018750 0.018750
3 0.464062 0.806250 0.021875 0.021875
3 0.498437 0.806250 0.021875 0.021875
0 0.171875 0.254688 0.109375 0.121875
5 0.171875 0.218750 0.050000 0.050000
8 0.171875 0.262500 0.078125 0.056250
6 0.128125 0.268750 0.021875 0.021875
6 0.215625 0.268750 0.021875 0.021875
3 0.151562 0.303125 0.025000 0.025000
3 0.192188 0.303125 0.025000 0.025000
0 0.462500 0.393750 0.103125 0.115625
5 0.462500 0.359375 0.046875 0.046875
4 0.462500 0.400000 0.071875 0.053125
2 0.421875 0.406250 0.021875 0.021875
2 0.503125 0.406250 0.021875 0.021875
3 0.443750 0.439063 0.025000 0.025000
3 0.481250 0.439063 0.025000 0.025000
0 0.776563 0.385156 0.121875 0.132812
1 0.776563 0.345313 0.053125 0.053125
8 0.776563 0.392188 0.084375 0.062500
2 0.728125 0.398438 0.025000 0.025000
2 0.825000 0.398438 0.025000 0.025000
3 0.754687 0.437500 0.028125 0.028125
3 0.798438 0.437500 0.028125 0.028125
