0 0.845313 0.436719 0.090625 0.101562
1 0.845313 0.406250 0.040625 0.040625
8 0.845313 0.442188 0.062500 0.046875
2 0.809375 0.446875 0.018750 0.018750
2 0.881250 0.446875 0.018750 0.018750
7 0.829688 0.476562 0.021875 0.021875
7 0.860938 0.476562 0.021875 0.021875
0 0.859375 0.290625 0.118750 0.131250
1 0.859375 0.251563 0.053125 0.053125
4 0.859375 0.298438 0.081250 0.059375
2 0.812500 0.304688 0.025000 0.025000
2 0.906250 0.304688 0.025000 0.025000
7 0.839063 0.342187 0.028125 0.028125
7 0.879687 0.342187 0.028125 0.028125
0 0.484375 0.458594 0.093750 0.104688
1 0.484375 0.428125 0.043750 0.043750
4 0.484375 0.465625 0.065625 0.046875
6 0.446875 0.470313 0.018750 0.018750
6 0.521875 0.470313 0.018750 0.018750
7 0.467187 0.500000 0.021875 0.021875
7 0.501563 0.500000 0.021875 0.021875
0 0.240625 0.706250 0.112500 0.131250
1 0.240625 0.667188 0.053125 0.053125
8 0.240625 0.714063 0.081250 0.059375
2 0.195312 0.720313 0.021875 0.021875
2 0.285938 0.720313 0.021875 0.021875
7 0.220312 0.757812 0.028125 0.028125
7 0.260937 0.757812 0.028125 0.028125
0 0.351562 0.371094 0.093750 0.101562
5 0.351562 0.340625 0.040625 0.040625
8 0.351562 0.376563 0.065625 0.046875
6 0.314063 0.381250 0.018750 0.018750
6 0.389062 0.381250 0.018750 0.018750
3 0.334375 0.410938 0.021875 0.021875
3 0.368750 0.410938 0.021875 0.021875
0 0.459375 0.700000 0.118750 0.131250
1 0.459375 0.660937 0.053125 0.053125
8 0.459375 0.707812 0.081250 0.059375
2 0.412500 0.714063 0.025000 0.025000
2 0.506250 0.714063 0.025000 0.025000
7 0.439063 0.751563 0.028125 0.028125
7 0.479687 0.751563 0.028125 0.028125
