0 0.150000 0.513281 0.093750 0.104688
5 0.150000 0.482812 0.043750 0.043750
4 0.150000 0.520312 0.065625 0.046875
6 0.112500 0.525000 0.018750 0.018750
6 0.187500 0.525000 0.018750 0.018750
7 0.132812 0.554688 0.021875 0.021875
7 0.167187 0.554688 0.021875 0.021875
0 0.539062 0.716406 0.096875 0.107813
1 0.539062 0.684375 0.043750 0.043750
4 0.539062 0.723437 0.068750 0.050000
2 0.500000 0.728125 0.018750 0.018750
2 0.578125 0.728125 0.018750 0.018750
7 0.521875 0.759375 0.021875 0.021875
7 0.556250 0.759375 0.021875 0.021875
0 0.643750 0.530469 0.087500 0.092188
5 0.643750 0.503125 0.037500 0.037500
4 0.643750 0.535937 0.059375 0.043750
6 0.609375 0.540625 0.018750 0.018750
6 0.678125 0.540625 0.018750 0.018750
7 0.628125 0.567187 0.018750 0.018750
7 0.659375 0.567187 0.018750 0.018750
0 0.773438 0.420312 0.106250 0.115625
5 0.773438 0.385937 0.046875 0.046875
8 0.773438 0.426563 0.075000 0.053125
6 0.731250 0.432812 0.021875 0.021875
6 0.815625 0.432812 0.021875 0.021875
3 0.754687 0.465625 0.025000 0.025000
3 0.792188 0.465625 0.025000 0.025000
