0 0.382812 0.789062 0.103125 0.115625
5 0.382812 0.754687 0.046875 0.046875
8 0.382812 0.795312 0.071875 0.053125
2 0.342187 0.801562 0.021875 0.021875
2 0.423438 0.801562 0.021875 0.021875
7 0.364063 0.834375 0.025000 0.025000
7 0.401562 0.834375 0.025000 0.025000
0 0.685937 0.595313 0.106250 0.121875
1 0.685937 0.559375 0.050000 0.050000
4 0.685937 0.603125 0.075000 0.056250
2 0.643750 0.609375 0.021875 0.021875
2 0.728125 0.609375 0.021875 0.021875
3 0.667188 0.643750 0.025000 0.025000
3 0.704688 0.643750 0.025000 0.025000
0 0.546875 0.479687 0.109375 0.121875
1 0.546875 0.443750 0.050000 0.050000
4 0.546875 0.487500 0.078125 0.056250
2 0.503125 0.493750 0.021875 0.021875
2 0.590625 0.493750 0.021875 0.021875
3 0.526563 0.528125 0.025000 0.025000
3 0.567187 0.528125 0.025000 0.025000
0 0.406250 0.440625 0.103125 0.115625
1 0.406250 0.406250 0.046875 0.046875
4 0.406250 0.446875 0.071875 0.053125
2 0.365625 0.453125 0.021875 0.021875
2 0.446875 0.453125 0.021875 0.021875
7 0.387500 0.485938 0.025000 0.025000
7 0.425000 0.485938 0.025000 0.025000
0 0.784375 0.360938 0.106250 0.121875
5 0.784375 0.325000 0.050000 0.050000
4 0.784375 0.368750 0.075000 0.056250
6 0.742188 0.375000 0.021875 0.021875
6 0.826562 0.375000 0.021875 0.021875
7 0.765625 0.409375 0.025000 0.025000
7 0.803125 0.409375 0.025000 0.025000
