0 0.712500 0.700781 0.121875 0.132812
1 0.712500 0.660937 0.053125 0.053125
8 0.712500 0.707812 0.084375 0.062500
6 0.664062 0.714063 0.025000 0.025000
6 0.760938 0.714063 0.025000 0.025000
3 0.690625 0.753125 0.028125 0.028125
3 0.734375 0.753125 0.028125 0.028125
0 0.376563 0.567969 0.087500 0.092188
1 0.376563 0.540625 0.037500 0.037500
8 0.376563 0.573438 0.059375 0.043750
6 0.342187 0.578125 0.018750 0.018750
6 0.410938 0.578125 0.018750 0.018750
3 0.360938 0.604688 0.018750 0.018750
3 0.392188 0.604688 0.018750 0.018750
0 0.543750 0.492969 0.090625 0.101562
1 0.543750 0.462500 0.040625 0.040625
4 0.543750 0.498437 0.062500 0.046875
6 0.507812 0.503125 0.018750 0.018750
6 0.579688 0.503125 0.018750 0.018750
3 0.528125 0.532813 0.021875 0.021875
3 0.559375 0.532813 0.021875 0.021875
0 0.150000 0.608594 0.121875 0.135937
5 0.150000 0.568750 0.056250 0.056250
8 0.150000 0.617188 0.084375 0.062500
6 0.101562 0.623437 0.025000 0.025000
6 0.198437 0.623437 0.025000 0.025000
3 0.128125 0.662500 0.028125 0.028125
3 0.171875 0.662500 0.028125 0.028125
