0 0.787500 0.583594 0.125000 0.139063
1 0.787500 0.542188 0.056250 0.056250
4 0.787500 0.592187 0.087500 0.065625
6 0.737500 0.598437 0.025000 0.025000
6 0.837500 0.598437 0.025000 0.025000
3 0.765625 0.639062 0.028125 0.028125
3 0.809375 0.639062 0.028125 0.028125
0 0.425000 0.300000 0.118750 0.131250
1 0.425000 0.260937 0.053125 0.053125
4 0.425000 0.307812 0.081250 0.059375
2 0.378125 0.314063 0.025000 0.025000
2 0.471875 0.314063 0.025000 0.025000
7 0.404687 0.351562 0.028125 0.028125
7 0.445312 0.351562 0.028125 0.028125
0 0.820312 0.382031 0.125000 0.139063
1 0.820312 0.340625 0.056250 0.056250
4 0.820312 0.390625 0.087500 0.065625
6 0.770312 0.396875 0.025000 0.025000
6 0.870313 0.396875 0.025000 0.025000
3 0.798438 0.437500 0.028125 0.028125
3 0.842187 0.437500 0.028125 0.028125
0 0.509375 0.564063 0.109375 0.125000
1 0.509375 0.526563 0.050000 0.050000
4 0.509375 0.571875 0.078125 0.059375
2 0.465625 0.578125 0.021875 0.021875
2 0.553125 0.578125 0.021875 0.021875
3 0.489063 0.614062 0.025000 0.025000
3 0.529687 0.614062 0.025000 0.025000
0 0.375000 0.652344 0.125000 0.139063
1 0.375000 0.610938 0.056250 0.056250
4 0.375000 0.660937 0.087500 0.065625
2 0.325000 0.667188 0.025000 0.025000
2 0.425000 0.667188 0.025000 0.025000
3 0.353125 0.707812 0.028125 0.028125
3 0.396875 0.707812 0.028125 0.028125
0 0.607812 0.771094 0.090625 0.101562
5 0.607812 0.740625 0.040625 0.040625
4 0.607812 0.776563 0.062500 0.046875
2 0.571875 0.781250 0.018750 0.018750
2 0.643750 0.781250 0.018750 0.018750
3 0.592187 0.810937 0.021875 0.021875
3 0.623437 0.810937 0.021875 0.021875
