0 0.146875 0.532813 0.103125 0.115625
1 0.146875 0.498437 0.046875 0.046875
4 0.146875 0.539062 0.071875 0.053125
6 0.106250 0.545312 0.021875 0.021875
6 0.187500 0.545312 0.021875 0.021875
3 0.128125 0.578125 0.025000 0.025000
3 0.165625 0.578125 0.025000 0.025000
0 0.354687 0.719531 0.096875 0.107813
1 0.354687 0.687500 0.043750 0.043750
4 0.354687 0.726562 0.068750 0.050000
2 0.315625 0.731250 0.018750 0.018750
2 0.393750 0.731250 0.018750 0.018750
3 0.337500 0.762500 0.021875 0.021875
3 0.371875 0.762500 0.021875 0.021875
0 0.425000 0.383594 0.125000 0.139063
5 0.425000 0.342187 0.056250 0.056250
8 0.425000 0.392188 0.087500 0.065625
2 0.375000 0.398438 0.025000 0.025000
2 0.475000 0.398438 0.025000 0.025000
3 0.403125 0.439063 0.028125 0.028125
3 0.446875 0.439063 0.028125 0.028125
0 0.151562 0.323437 0.106250 0.121875
1 0.151562 0.287500 0.050000 0.050000
8 0.151562 0.331250 0.075000 0.056250
2 0.109375 0.337500 0.021875 0.021875
2 0.193750 0.337500 0.021875 0.021875
3 0.132812 0.371875 0.025000 0.025000
3 0.170313 0.371875 0.025000 0.025000
0 0.826562 0.464844 0.121875 0.135937
1 0.826562 0.425000 0.056250 0.056250
8 0.826562 0.473438 0.084375 0.062500
2 0.778125 0.479687 0.025000 0.025000
2 0.875000 0.479687 0.025000 0.025000
3 0.804688 0.518750 0.028125 0.028125
3 0.848437 0.518750 0.028125 0.028125
