0 0.678125 0.802344 0.121875 0.132812
5 0.678125 0.762500 0.053125 0.053125
4 0.678125 0.809375 0.084375 0.062500
6 0.629687 0.815625 0.025000 0.025000
6 0.726562 0.815625 0.025000 0.025000
7 0.656250 0.854688 0.028125 0.028125
7 0.700000 0.854688 0.028125 0.028125
0 0.276562 0.428125 0.103125 0.115625
1 0.276562 0.393750 0.046875 0.046875
8 0.276562 0.434375 0.071875 0.053125
6 0.235937 0.440625 0.021875 0.021875
6 0.317188 0.440625 0.021875 0.021875
7 0.257812 0.473438 0.025000 0.025000
7 0.295312 0.473438 0.025000 0.025000
0 0.142187 0.510938 0.103125 0.115625
1 0.142187 0.476562 0.046875 0.046875
4 0.142187 0.517188 0.071875 0.053125
6 0.101562 0.523438 0.021875 0.021875
6 0.182812 0.523438 0.021875 0.021875
7 0.123438 0.556250 0.025000 0.025000
7 0.160938 0.556250 0.025000 0.025000
0 0.643750 0.623437 0.106250 0.115625
5 0.643750 0.589063 0.046875 0.046875
8 0.643750 0.629687 0.075000 0.053125
2 0.601562 0.635938 0.021875 0.021875
2 0.685937 0.635938 0.021875 0.021875
3 0.625000 0.668750 0.025000 0.025000
3 0.662500 0.668750 0.025000 0.025000
