0 0.464062 0.778125 0.109375 0.125000
5 0.464062 0.740625 0.050000 0.050000
4 0.464062 0.785937 0.078125 0.059375
2 0.420312 0.792188 0.021875 0.021875
2 0.507812 0.792188 0.021875 0.021875
7 0.443750 0.828125 0.025000 0.025000
7 0.484375 0.828125 0.025000 0.025000
0 0.242188 0.359375 0.118750 0.131250
1 0.242188 0.320312 0.053125 0.053125
4 0.242188 0.367188 0.081250 0.059375
2 0.195312 0.373437 0.025000 0.025000
2 0.289062 0.373437 0.025000 0.025000
3 0.221875 0.410938 0.028125 0.028125
3 0.262500 0.410938 0.028125 0.028125
0 0.781250 0.446094 0.096875 0.107813
1 0.781250 0.414062 0.043750 0.043750
4 0.781250 0.453125 0.068750 0.050000
2 0.742188 0.457813 0.018750 0.018750
2 0.820312 0.457813 0.018750 0.018750
3 0.764062 0.489063 0.021875 0.021875
3 0.798438 0.489063 0.021875 0.021875
