0 0.489063 0.482031 0.121875 0.129688
5 0.489063 0.443750 0.053125 0.053125
4 0.489063 0.489063 0.084375 0.059375
2 0.440625 0.495312 0.025000 0.025000
2 0.537500 0.495312 0.025000 0.025000
3 0.467187 0.532813 0.028125 0.028125
3 0.510938 0.532813 0.028125 0.028125
0 0.240625 0.725781 0.087500 0.092188
5 0.240625 0.698438 0.037500 0.037500
4 0.240625 0.731250 0.059375 0.043750
6 0.206250 0.735938 0.018750 0.018750
6 0.275000 0.735938 0.018750 0.018750
3 0.225000 0.762500 0.018750 0.018750
3 0.256250 0.762500 0.018750 0.018750
0 0.476562 0.770312 0.118750 0.131250
1 0.476562 0.731250 0.053125 0.053125
8 0.476562 0.778125 0.081250 0.059375
2 0.429688 0.784375 0.025000 0.025000
2 0.523438 0.784375 0.025000 0.025000
3 0.456250 0.821875 0.028125 0.028125
3 0.496875 0.821875 0.028125 0.028125
0 0.182812 0.289062 0.118750 0.131250
1 0.182812 0.250000 0.053125 0.053125
4 0.182812 0.296875 0.081250 0.059375
6 0.135937 0.303125 0.025000 0.025000
6 0.229687 0.303125 0.025000 0.025000
3 0.162500 0.340625 0.028125 0.028125
3 0.203125 0.340625 0.028125 0.028125
0 0.739062 0.284375 0.118750 0.131250
1 0.739062 0.245312 0.053125 0.053125
8 0.739062 0.292187 0.081250 0.059375
6 0.692187 0.298438 0.025000 0.025000
6 0.785937 0.298438 0.025000 0.025000
3 0.718750 0.335938 0.028125 0.028125
3 0.759375 0.335938 0.028125 0.028125
0 0.629687 0.428906 0.121875 0.132812
1 0.629687 0.389062 0.053125 0.053125
8 0.629687 0.435937 0.084375 0.062500
6 0.581250 0.442188 0.025000 0.025000
6 0.678125 0.442188 0.025000 0.025000
3 0.607812 0.481250 0.028125 0.028125
3 0.651563 0.481250 0.028125 0.028125
