0 0.468750 0.630469 0.121875 0.135937
5 0.468750 0.590625 0.056250 0.056250
8 0.468750 0.639062 0.084375 0.062500
2 0.420312 0.645312 0.025000 0.025000
2 0.517188 0.645312 0.025000 0.025000
7 0.446875 0.684375 0.028125 0.028125
7 0.490625 0.684375 0.028125 0.028125
0 0.828125 0.392969 0.096875 0.107813
5 0.828125 0.360938 0.043750 0.043750
4 0.828125 0.400000 0.068750 0.050000
6 0.789062 0.404687 0.018750 0.018750
6 0.867188 0.404687 0.018750 0.018750
3 0.810937 0.435937 0.021875 0.021875
3 0.845313 0.435937 0.021875 0.021875
0 0.242188 0.563281 0.093750 0.101562
1 0.242188 0.532813 0.040625 0.040625
8 0.242188 0.568750 0.065625 0.046875
2 0.204687 0.573438 0.018750 0.018750
2 0.279687 0.573438 0.018750 0.018750
7 0.225000 0.603125 0.021875 0.021875
7 0.259375 0.603125 0.021875 0.021875
