0 0.462500 0.378906 0.096875 0.107813
5 0.462500 0.346875 0.043750 0.043750
4 0.462500 0.385937 0.068750 0.050000
2 0.423438 0.390625 0.018750 0.018750
2 0.501563 0.390625 0.018750 0.018750
3 0.445312 0.421875 0.021875 0.021875
3 0.479687 0.421875 0.021875 0.021875
0 0.282813 0.311719 0.118750 0.129688
1 0.282813 0.273438 0.053125 0.053125
8 0.282813 0.318750 0.081250 0.059375
2 0.235937 0.325000 0.025000 0.025000
2 0.329688 0.325000 0.025000 0.025000
3 0.260937 0.362500 0.028125 0.028125
3 0.304688 0.362500 0.028125 0.028125
0 0.765625 0.696094 0.096875 0.107813
5 0.765625 0.664062 0.043750 0.043750
8 0.765625 0.703125 0.068750 0.050000
2 0.726562 0.707812 0.018750 0.018750
2 0.804688 0.707812 0.018750 0.018750
3 0.748437 0.739062 0.021875 0.021875
3 0.782813 0.739062 0.021875 0.021875
0 0.182812 0.435937 0.106250 0.115625
5 0.182812 0.401562 0.046875 0.046875
4 0.182812 0.442188 0.075000 0.053125
2 0.140625 0.448437 0.021875 0.021875
2 0.225000 0.448437 0.021875 0.021875
3 0.164062 0.481250 0.025000 0.025000
3 0.201563 0.481250 0.025000 0.025000
0 0.837500 0.336719 0.090625 0.098437
5 0.837500 0.307812 0.040625 0.040625
4 0.837500 0.342187 0.062500 0.043750
6 0.801562 0.346875 0.018750 0.018750
6 0.873437 0.346875 0.018750 0.018750
7 0.821875 0.375000 0.021875 0.021875
7 0.853125 0.375000 0.021875 0.021875
