0 0.607812 0.796094 0.125000 0.139063
1 0.607812 0.754687 0.056250 0.056250
4 0.607812 0.804688 0.087500 0.065625
2 0.557813 0.810937 0.025000 0.025000
2 0.657813 0.810937 0.025000 0.025000
3 0.585938 0.851562 0.028125 0.028125
3 0.629687 0.851562 0.028125 0.028125
0 0.237500 0.671875 0.109375 0.121875
1 0.237500 0.635938 0.050000 0.050000
8 0.237500 0.679688 0.078125 0.056250
2 0.193750 0.685937 0.021875 0.021875
2 0.281250 0.685937 0.021875 0.021875
7 0.217188 0.720313 0.025000 0.025000
7 0.257812 0.720313 0.025000 0.025000
0 0.731250 0.379688 0.106250 0.121875
1 0.731250 0.343750 0.050000 0.050000
8 0.731250 0.387500 0.075000 0.056250
2 0.689063 0.393750 0.021875 0.021875
2 0.773438 0.393750 0.021875 0.021875
3 0.712500 0.428125 0.025000 0.025000
3 0.750000 0.428125 0.025000 0.025000
0 0.548438 0.596875 0.103125 0.115625
1 0.548438 0.562500 0.046875 0.046875
8 0.548438 0.603125 0.071875 0.053125
2 0.507812 0.609375 0.021875 0.021875
2 0.589063 0.609375 0.021875 0.021875
3 0.529687 0.642188 0.025000 0.025000
3 0.567187 0.642188 0.025000 0.025000
0 0.173437 0.425000 0.103125 0.115625
5 0.173437 0.390625 0.046875 0.046875
8 0.173437 0.431250 0.071875 0.053125
6 0.132812 0.437500 0.021875 0.021875
6 0.214062 0.437500 0.021875 0.021875
7 0.154688 0.470313 0.025000 0.025000
7 0.192188 0.470313 0.025000 0.025000
0 0.839063 0.471875 0.109375 0.121875
5 0.839063 0.435937 0.050000 0.050000
4 0.839063 0.479687 0.078125 0.056250
6 0.795312 0.485938 0.021875 0.021875
6 0.882812 0.485938 0.021875 0.021875
3 0.818750 0.520312 0.025000 0.025000
3 0.859375 0.520312 0.025000 0.025000
