0 0.610938 0.603906 0.121875 0.135937
5 0.610938 0.564063 0.056250 0.056250
4 0.610938 0.612500 0.084375 0.062500
6 0.562500 0.618750 0.025000 0.025000
6 0.659375 0.618750 0.025000 0.025000
3 0.589063 0.657813 0.028125 0.028125
3 0.632812 0.657813 0.028125 0.028125
0 0.412500 0.782031 0.121875 0.132812
1 0.412500 0.742188 0.053125 0.053125
4 0.412500 0.789062 0.084375 0.062500
2 0.364063 0.795312 0.025000 0.025000
2 0.460938 0.795312 0.025000 0.025000
3 0.390625 0.834375 0.028125 0.028125
3 0.434375 0.834375 0.028125 0.028125
0 0.660937 0.232031 0.096875 0.107813
1 0.660937 0.200000 0.043750 0.043750
4 0.660937 0.239063 0.068750 0.050000
2 0.621875 0.243750 0.018750 0.018750
2 0.700000 0.243750 0.018750 0.018750
3 0.643750 0.275000 0.021875 0.021875
3 0.678125 0.275000 0.021875 0.021875
