0 0.703125 0.432031 0.093750 0.101562
1 0.703125 0.401562 0.040625 0.040625
4 0.703125 0.437500 0.065625 0.046875
2 0.665625 0.442188 0.018750 0.018750
2 0.740625 0.442188 0.018750 0.018750
3 0.685937 0.471875 0.021875 0.021875
3 0.720313 0.471875 0.021875 0.021875
0 0.243750 0.710156 0.121875 0.135937
1 0.243750 0.670312 0.056250 0.056250
4 0.243750 0.718750 0.084375 0.062500
2 0.195312 0.725000 0.025000 0.025000
2 0.292187 0.725000 0.025000 0.025000
3 0.221875 0.764062 0.028125 0.028125
3 0.265625 0.764062 0.028125 0.028125
0 0.526563 0.683594 0.093750 0.104688
1 0.526563 0.653125 0.043750 0.043750
4 0.526563 0.690625 0.065625 0.046875
2 0.489063 0.695312 0.018750 0.018750
2 0.564063 0.695312 0.018750 0.018750
3 0.509375 0.725000 0.021875 0.021875
3 0.543750 0.725000 0.021875 0.021875
0 0.193750 0.528906 0.096875 0.107813
5 0.193750 0.496875 0.043750 0.043750
4 0.193750 0.535937 0.068750 0.050000
6 0.154688 0.540625 0.018750 0.018750
6 0.232813 0.540625 0.018750 0.018750
3 0.176563 0.571875 0.021875 0.021875
3 0.210938 0.571875 0.021875 0.021875
0 0.843750 0.553906 0.087500 0.092188
1 0.843750 0.526563 0.037500 0.037500
4 0.843750 0.559375 0.059375 0.043750
6 0.809375 0.564063 0.018750 0.018750
6 0.878125 0.564063 0.018750 0.018750
7 0.828125 0.590625 0.018750 0.018750
7 0.859375 0.590625 0.018750 0.018750
0 0.439063 0.505469 0.090625 0.101562
1 0.439063 0.475000 0.040625 0.040625
4 0.439063 0.510938 0.062500 0.046875
2 0.403125 0.515625 0.018750 0.018750
2 0.475000 0.515625 0.018750 0.018750
3 0.423438 0.545312 0.021875 0.021875
3 0.454688 0.545312 0.021875 0.021875
