0 0.567187 0.625000 0.109375 0.121875
5 0.567187 0.589063 0.050000 0.050000
4 0.567187 0.632812 0.078125 0.056250
2 0.523438 0.639062 0.021875 0.021875
2 0.610938 0.639062 0.021875 0.021875
7 0.546875 0.673438 0.025000 0.025000
7 0.587500 0.673438 0.025000 0.025000
0 0.310937 0.709375 0.106250 0.121875
1 0.310937 0.673438 0.050000 0.050000
4 0.310937 0.717187 0.075000 0.056250
6 0.268750 0.723437 0.021875 0.021875
6 0.353125 0.723437 0.021875 0.021875
3 0.292187 0.757812 0.025000 0.025000
3 0.329688 0.757812 0.025000 0.025000
0 0.268750 0.280469 0.090625 0.098437
1 0.268750 0.251563 0.040625 0.040625
4 0.268750 0.285938 0.062500 0.043750
6 0.232813 0.290625 0.018750 0.018750
6 0.304688 0.290625 0.018750 0.018750
3 0.253125 0.318750 0.021875 0.021875
3 0.284375 0.318750 0.021875 0.021875
0 0.839063 0.760156 0.125000 0.135937
1 0.839063 0.720313 0.056250 0.056250
8 0.839063 0.768750 0.087500 0.062500
2 0.789062 0.775000 0.025000 0.025000
2 0.889062 0.775000 0.025000 0.025000
3 0.817187 0.814063 0.028125 0.028125
3 0.860938 0.814063 0.028125 0.028125
