0 0.506250 0.778125 0.112500 0.131250
1 0.506250 0.739062 0.053125 0.053125
4 0.506250 0.785937 0.081250 0.059375
2 0.460938 0.792188 0.021875 0.021875
2 0.551562 0.792188 0.021875 0.021875
3 0.485938 0.829688 0.028125 0.028125
3 0.526563 0.829688 0.028125 0.028125
0 0.667188 0.332813 0.109375 0.121875
1 0.667188 0.296875 0.050000 0.050000
4 0.667188 0.340625 0.078125 0.056250
2 0.623437 0.346875 0.021875 0.021875
2 0.710938 0.346875 0.021875 0.021875
3 0.646875 0.381250 0.025000 0.025000
3 0.687500 0.381250 0.025000 0.025000
0 0.454688 0.488281 0.096875 0.107813
1 0.454688 0.456250 0.043750 0.043750
4 0.454688 0.495312 0.068750 0.050000
6 0.415625 0.500000 0.018750 0.018750
6 0.493750 0.500000 0.018750 0.018750
3 0.437500 0.531250 0.021875 0.021875
3 0.471875 0.531250 0.021875 0.021875
0 0.771875 0.552344 0.093750 0.107813
1 0.771875 0.520312 0.043750 0.043750
4 0.771875 0.559375 0.065625 0.050000
2 0.734375 0.564063 0.018750 0.018750
2 0.809375 0.564063 0.018750 0.018750
3 0.754687 0.595313 0.021875 0.021875
3 0.789062 0.595313 0.021875 0.021875
0 0.670312 0.737500 0.118750 0.131250
1 0.670312 0.698438 0.053125 0.053125
8 0.670312 0.745313 0.081250 0.059375
2 0.623437 0.751563 0.025000 0.025000
2 0.717187 0.751563 0.025000 0.025000
3 0.650000 0.789062 0.028125 0.028125
3 0.690625 0.789062 0.028125 0.028125
0 0.346875 0.595313 0.109375 0.121875
1 0.346875 0.559375 0.050000 0.050000
4 0.346875 0.603125 0.078125 0.056250
2 0.303125 0.609375 0.021875 0.021875
2 0.390625 0.609375 0.021875 0.021875
3 0.326562 0.643750 0.025000 0.025000
3 0.367188 0.643750 0.025000 0.025000
