0 0.242188 0.579688 0.103125 0.115625
5 0.242188 0.545312 0.046875 0.046875
4 0.242188 0.585938 0.071875 0.053125
2 0.201563 0.592187 0.021875 0.021875
2 0.282813 0.592187 0.021875 0.021875
3 0.223438 0.625000 0.025000 0.025000
3 0.260937 0.625000 0.025000 0.025000
0 0.421875 0.653125 0.103125 0.115625
5 0.421875 0.618750 0.046875 0.046875
4 0.421875 0.659375 0.071875 0.053125
6 0.381250 0.665625 0.021875 0.021875
6 0.462500 0.665625 0.021875 0.021875
3 0.403125 0.698438 0.025000 0.025000
3 0.440625 0.698438 0.025000 0.025000
0 0.267188 0.292969 0.093750 0.107813
1 0.267188 0.260937 0.043750 0.043750
4 0.267188 0.300000 0.065625 0.050000
6 0.229687 0.304688 0.018750 0.018750
6 0.304688 0.304688 0.018750 0.018750
3 0.250000 0.335938 0.021875 0.021875
3 0.284375 0.335938 0.021875 0.021875
0 0.620313 0.413281 0.087500 0.092188
1 0.620313 0.385937 0.037500 0.037500
4 0.620313 0.418750 0.059375 0.043750
2 0.585938 0.423438 0.018750 0.018750
2 0.654687 0.423438 0.018750 0.018750
7 0.604688 0.450000 0.018750 0.018750
7 0.635938 0.450000 0.018750 0.018750
0 0.184375 0.428906 0.096875 0.107813
5 0.184375 0.396875 0.043750 0.043750
4 0.184375 0.435937 0.068750 0.050000
2 0.145313 0.440625 0.018750 0.018750
2 0.223438 0.440625 0.018750 0.018750
7 0.167187 0.471875 0.021875 0.021875
7 0.201563 0.471875 0.021875 0.021875
0 0.759375 0.783594 0.121875 0.129688
1 0.759375 0.745313 0.053125 0.053125
4 0.759375 0.790625 0.084375 0.059375
2 0.710938 0.796875 0.025000 0.025000
2 0.807813 0.796875 0.025000 0.025000
7 0.737500 0.834375 0.028125 0.028125
7 0.781250 0.834375 0.028125 0.028125
