0 0.575000 0.750781 0.096875 0.107813
1 0.575000 0.718750 0.043750 0.043750
4 0.575000 0.757812 0.068750 0.050000
2 0.535937 0.762500 0.018750 0.018750
2 0.614062 0.762500 0.018750 0.018750
7 0.557813 0.793750 0.021875 0.021875
7 0.592187 0.793750 0.021875 0.021875
0 0.395313 0.525000 0.103125 0.115625
1 0.395313 0.490625 0.046875 0.046875
4 0.395313 0.531250 0.071875 0.053125
2 0.354687 0.537500 0.021875 0.021875
2 0.435937 0.537500 0.021875 0.021875
3 0.376563 0.570312 0.025000 0.025000
3 0.414062 0.570312 0.025000 0.025000
0 0.600000 0.322656 0.096875 0.107813
1 0.600000 0.290625 0.043750 0.043750
4 0.600000 0.329688 0.068750 0.050000
2 0.560937 0.334375 0.018750 0.018750
2 0.639062 0.334375 0.018750 0.018750
3 0.582812 0.365625 0.021875 0.021875
3 0.617188 0.365625 0.021875 0.021875
0 0.390625 0.764844 0.087500 0.092188
1 0.390625 0.737500 0.037500 0.037500
8 0.390625 0.770312 0.059375 0.043750
2 0.356250 0.775000 0.018750 0.018750
2 0.425000 0.775000 0.018750 0.018750
3 0.375000 0.801562 0.018750 0.018750
3 0.406250 0.801562 0.018750 0.018750
