0 0.721875 0.395313 0.118750 0.131250
5 0.721875 0.356250 0.053125 0.053125
4 0.721875 0.403125 0.081250 0.059375
6 0.675000 0.409375 0.025000 0.025000
6 0.768750 0.409375 0.025000 0.025000
3 0.701562 0.446875 0.028125 0.028125
3 0.742188 0.446875 0.028125 0.028125
0 0.434375 0.778906 0.090625 0.101562
1 0.434375 0.748437 0.040625 0.040625
4 0.434375 0.784375 0.062500 0.046875
6 0.398438 0.789062 0.018750 0.018750
6 0.470313 0.789062 0.018750 0.018750
3 0.418750 0.818750 0.021875 0.021875
3 0.450000 0.818750 0.021875 0.021875
0 0.325000 0.240625 0.106250 0.115625
1 0.325000 0.206250 0.046875 0.046875
8 0.325000 0.246875 0.075000 0.053125
6 0.282813 0.253125 0.021875 0.021875
6 0.367188 0.253125 0.021875 0.021875
3 0.306250 0.285938 0.025000 0.025000
3 0.343750 0.285938 0.025000 0.025000
