0 0.303125 0.771094 0.093750 0.107813
5 0.303125 0.739062 0.043750 0.043750
4 0.303125 0.778125 0.065625 0.050000
6 0.265625 0.782813 0.018750 0.018750
6 0.340625 0.782813 0.018750 0.018750
7 0.285938 0.814063 0.021875 0.021875
7 0.320312 0.814063 0.021875 0.021875
0 0.507812 0.355469 0.081250 0.092188
1 0.507812 0.328125 0.037500 0.037500
4 0.507812 0.360938 0.059375 0.043750
6 0.475000 0.365625 0.015625 0.015625
6 0.540625 0.365625 0.015625 0.015625
7 0.492188 0.392188 0.018750 0.018750
7 0.523438 0.392188 0.018750 0.018750
0 0.456250 0.801562 0.118750 0.131250
5 0.456250 0.762500 0.053125 0.053125
4 0.456250 0.809375 0.081250 0.059375
6 0.409375 0.815625 0.025000 0.025000
6 0.503125 0.815625 0.025000 0.025000
3 0.435937 0.853125 0.028125 0.028125
3 0.476562 0.853125 0.028125 0.028125
0 0.593750 0.469531 0.090625 0.101562
1 0.593750 0.439063 0.040625 0.040625
8 0.593750 0.475000 0.062500 0.046875
6 0.557813 0.479687 0.018750 0.018750
6 0.629687 0.479687 0.018750 0.018750
7 0.578125 0.509375 0.021875 0.021875
7 0.609375 0.509375 0.021875 0.021875
