0 0.209375 0.297656 0.125000 0.139063
5 0.209375 0.256250 0.056250 0.056250
4 0.209375 0.306250 0.087500 0.065625
2 0.159375 0.312500 0.025000 0.025000
2 0.259375 0.312500 0.025000 0.025000
7 0.187500 0.353125 0.028125 0.028125
7 0.231250 0.353125 0.028125 0.028125
0 0.178125 0.598437 0.118750 0.131250
5 0.178125 0.559375 0.053125 0.053125
4 0.178125 0.606250 0.081250 0.059375
6 0.131250 0.612500 0.025000 0.025000
6 0.225000 0.612500 0.025000 0.025000
3 0.157812 0.650000 0.028125 0.028125
3 0.198437 0.650000 0.028125 0.028125
0 0.665625 0.772656 0.093750 0.101562
1 0.665625 0.742188 0.040625 0.040625
4 0.665625 0.778125 0.065625 0.046875
6 0.628125 0.782813 0.018750 0.018750
6 0.703125 0.782813 0.018750 0.018750
7 0.648438 0.812500 0.021875 0.021875
7 0.682813 0.812500 0.021875 0.021875
0 0.231250 0.796875 0.109375 0.125000
1 0.231250 0.759375 0.050000 0.050000
4 0.231250 0.804688 0.078125 0.059375
2 0.187500 0.810937 0.021875 0.021875
2 0.275000 0.810937 0.021875 0.021875
3 0.210938 0.846875 0.025000 0.025000
3 0.251563 0.846875 0.025000 0.025000
0 0.390625 0.661719 0.093750 0.101562
5 0.390625 0.631250 0.040625 0.040625
8 0.390625 0.667188 0.065625 0.046875
2 0.353125 0.671875 0.018750 0.018750
2 0.428125 0.671875 0.018750 0.018750
7 0.373437 0.701562 0.021875 0.021875
7 0.407813 0.701562 0.021875 0.021875
