0 0.395313 0.762500 0.109375 0.125000
1 0.395313 0.725000 0.050000 0.050000
4 0.395313 0.770312 0.078125 0.059375
2 0.351562 0.776563 0.021875 0.021875
2 0.439063 0.776563 0.021875 0.021875
3 0.375000 0.812500 0.025000 0.025000
3 0.415625 0.812500 0.025000 0.025000
0 0.421875 0.592187 0.106250 0.115625
1 0.421875 0.557813 0.046875 0.046875
4 0.421875 0.598437 0.075000 0.053125
2 0.379688 0.604688 0.021875 0.021875
2 0.464062 0.604688 0.021875 0.021875
3 0.403125 0.637500 0.025000 0.025000
3 0.440625 0.637500 0.025000 0.025000
0 0.223438 0.489063 0.103125 0.115625
1 0.223438 0.454688 0.046875 0.046875
8 0.223438 0.495312 0.071875 0.053125
2 0.182812 0.501563 0.021875 0.021875
2 0.264062 0.501563 0.021875 0.021875
3 0.204687 0.534375 0.025000 0.025000
3 0.242188 0.534375 0.025000 0.025000
0 0.434375 0.432031 0.096875 0.107813
1 0.434375 0.400000 0.043750 0.043750
4 0.434375 0.439063 0.068750 0.050000
2 0.395313 0.443750 0.018750 0.018750
2 0.473438 0.443750 0.018750 0.018750
3 0.417187 0.475000 0.021875 0.021875
3 0.451562 0.475000 0.021875 0.021875
0 0.595313 0.416406 0.093750 0.101562
1 0.595313 0.385937 0.040625 0.040625
4 0.595313 0.421875 0.065625 0.046875
2 0.557813 0.426563 0.018750 0.018750
2 0.632812 0.426563 0.018750 0.018750
3 0.578125 0.456250 0.021875 0.021875
3 0.612500 0.456250 0.021875 0.021875
