0 0.515625 0.540625 0.103125 0.115625
1 0.515625 0.506250 0.046875 0.046875
4 0.515625 0.546875 0.071875 0.053125
2 0.475000 0.553125 0.021875 0.021875
2 0.556250 0.553125 0.021875 0.021875
3 0.496875 0.585938 0.025000 0.025000
3 0.534375 0.585938 0.025000 0.025000
0 0.673438 0.314844 0.096875 0.107813
1 0.673438 0.282813 0.043750 0.043750
4 0.673438 0.321875 0.068750 0.050000
2 0.634375 0.326562 0.018750 0.018750
2 0.712500 0.326562 0.018750 0.018750
3 0.656250 0.357812 0.021875 0.021875
3 0.690625 0.357812 0.021875 0.021875
0 0.540625 0.764062 0.109375 0.121875
1 0.540625 0.728125 0.050000 0.050000
4 0.540625 0.771875 0.078125 0.056250
2 0.496875 0.778125 0.021875 0.021875
2 0.584375 0.778125 0.021875 0.021875
3 0.520312 0.812500 0.025000 0.025000
3 0.560937 0.812500 0.025000 0.025000
0 0.845313 0.371094 0.090625 0.095312
1 0.845313 0.343750 0.040625 0.040625
4 0.845313 0.378125 0.062500 0.043750
2 0.809375 0.382812 0.018750 0.018750
2 0.881250 0.382812 0.018750 0.018750
7 0.829688 0.409375 0.018750 0.018750
7 0.860938 0.409375 0.018750 0.018750
0 0.254688 0.711719 0.090625 0.101562
1 0.254688 0.681250 0.040625 0.040625
4 0.254688 0.717187 0.062500 0.046875
2 0.218750 0.721875 0.018750 0.018750
2 0.290625 0.721875 0.018750 0.018750
3 0.239063 0.751563 0.021875 0.021875
3 0.270313 0.751563 0.021875 0.021875
