0 0.440625 0.507031 0.096875 0.107813
1 0.440625 0.475000 0.043750 0.043750
4 0.440625 0.514062 0.068750 0.050000
2 0.401562 0.518750 0.018750 0.018750
2 0.479687 0.518750 0.018750 0.018750
3 0.423438 0.550000 0.021875 0.021875
3 0.457813 0.550000 0.021875 0.021875
0 0.212500 0.538281 0.093750 0.104688
1 0.212500 0.507812 0.043750 0.043750
4 0.212500 0.545312 0.065625 0.046875
6 0.175000 0.550000 0.018750 0.018750
6 0.250000 0.550000 0.018750 0.018750
7 0.195312 0.579688 0.021875 0.021875
7 0.229687 0.579688 0.021875 0.021875
0 0.659375 0.557031 0.090625 0.101562
1 0.659375 0.526563 0.040625 0.040625
8 0.659375 0.562500 0.062500 0.046875
2 0.623437 0.567187 0.018750 0.018750
2 0.695312 0.567187 0.018750 0.018750
3 0.643750 0.596875 0.021875 0.021875
3 0.675000 0.596875 0.021875 0.021875
