0 0.673438 0.537500 0.109375 0.121875
1 0.673438 0.501563 0.050000 0.050000
4 0.673438 0.545312 0.078125 0.056250
2 0.629687 0.551562 0.021875 0.021875
2 0.717187 0.551562 0.021875 0.021875
7 0.653125 0.585938 0.025000 0.025000
7 0.693750 0.585938 0.025000 0.025000
0 0.232813 0.683594 0.121875 0.135937
1 0.232813 0.643750 0.056250 0.056250
4 0.232813 0.692187 0.084375 0.062500
2 0.184375 0.698438 0.025000 0.025000
2 0.281250 0.698438 0.025000 0.025000
3 0.210938 0.737500 0.028125 0.028125
3 0.254688 0.737500 0.028125 0.028125
0 0.401562 0.592969 0.093750 0.107813
1 0.401562 0.560937 0.043750 0.043750
4 0.401562 0.600000 0.065625 0.050000
6 0.364063 0.604688 0.018750 0.018750
6 0.439063 0.604688 0.018750 0.018750
3 0.384375 0.635938 0.021875 0.021875
3 0.418750 0.635938 0.021875 0.021875
0 0.728125 0.396094 0.096875 0.107813
5 0.728125 0.364063 0.043750 0.043750
4 0.728125 0.403125 0.068750 0.050000
2 0.689063 0.407813 0.018750 0.018750
2 0.767188 0.407813 0.018750 0.018750
3 0.710938 0.439063 0.021875 0.021875
3 0.745313 0.439063 0.021875 0.021875
0 0.293750 0.450000 0.106250 0.115625
1 0.293750 0.415625 0.046875 0.046875
4 0.293750 0.456250 0.075000 0.053125
6 0.251563 0.462500 0.021875 0.021875
6 0.335938 0.462500 0.021875 0.021875
3 0.275000 0.495312 0.025000 0.025000
3 0.312500 0.495312 0.025000 0.025000
0 0.545312 0.336719 0.090625 0.101562
1 0.545312 0.306250 0.040625 0.040625
4 0.545312 0.342187 0.062500 0.046875
2 0.509375 0.346875 0.018750 0.018750
2 0.581250 0.346875 0.018750 0.018750
3 0.529687 0.376563 0.021875 0.021875
3 0.560937 0.376563 0.021875 0.021875
