0 0.621875 0.660156 0.096875 0.107813
1 0.621875 0.628125 0.043750 0.043750
8 0.621875 0.667188 0.068750 0.050000
2 0.582812 0.671875 0.018750 0.018750
2 0.660937 0.671875 0.018750 0.018750
3 0.604688 0.703125 0.021875 0.021875
3 0.639062 0.703125 0.021875 0.021875
0 0.467187 0.519531 0.090625 0.098437
1 0.467187 0.490625 0.040625 0.040625
8 0.467187 0.525000 0.062500 0.043750
6 0.431250 0.529687 0.018750 0.018750
6 0.503125 0.529687 0.018750 0.018750
3 0.451562 0.557813 0.021875 0.021875
3 0.482812 0.557813 0.021875 0.021875
0 0.223438 0.521094 0.090625 0.095312
1 0.223438 0.493750 0.040625 0.040625
8 0.223438 0.528125 0.062500 0.043750
6 0.187500 0.532813 0.018750 0.018750
6 0.259375 0.532813 0.018750 0.018750
7 0.207813 0.559375 0.018750 0.018750
7 0.239063 0.559375 0.018750 0.018750
0 0.409375 0.806250 0.109375 0.128125
1 0.409375 0.767188 0.050000 0.050000
8 0.409375 0.812500 0.078125 0.059375
6 0.365625 0.818750 0.021875 0.021875
6 0.453125 0.818750 0.021875 0.021875
3 0.389062 0.856250 0.028125 0.028125
3 0.429688 0.856250 0.028125 0.028125
0 0.226562 0.325000 0.109375 0.128125
1 0.226562 0.285938 0.050000 0.050000
4 0.226562 0.331250 0.078125 0.059375
6 0.182812 0.337500 0.021875 0.021875
6 0.270313 0.337500 0.021875 0.021875
3 0.206250 0.375000 0.028125 0.028125
3 0.246875 0.375000 0.028125 0.028125
0 0.768750 0.507812 0.106250 0.118750
5 0.768750 0.471875 0.046875 0.046875
8 0.768750 0.514062 0.075000 0.056250
2 0.726562 0.520312 0.021875 0.021875
2 0.810937 0.520312 0.021875 0.021875
3 0.750000 0.554688 0.025000 0.025000
3 0.787500 0.554688 0.025000 0.025000
