0 0.518750 0.650781 0.121875 0.132812
5 0.518750 0.610938 0.053125 0.053125
8 0.518750 0.657813 0.084375 0.062500
6 0.470313 0.664062 0.025000 0.025000
6 0.567187 0.664062 0.025000 0.025000
7 0.496875 0.703125 0.028125 0.028125
7 0.540625 0.703125 0.028125 0.028125
0 0.231250 0.524219 0.125000 0.135937
1 0.231250 0.484375 0.056250 0.056250
8 0.231250 0.532813 0.087500 0.062500
2 0.181250 0.539062 0.025000 0.025000
2 0.281250 0.539062 0.025000 0.025000
7 0.209375 0.578125 0.028125 0.028125
7 0.253125 0.578125 0.028125 0.028125
0 0.484375 0.375781 0.121875 0.132812
1 0.484375 0.335938 0.053125 0.053125
8 0.484375 0.382812 0.084375 0.062500
6 0.435937 0.389062 0.025000 0.025000
6 0.532813 0.389062 0.025000 0.025000
3 0.462500 0.428125 0.028125 0.028125
3 0.506250 0.428125 0.028125 0.028125
0 0.757812 0.739844 0.090625 0.101562
5 0.757812 0.709375 0.040625 0.040625
4 0.757812 0.745313 0.062500 0.046875
2 0.721875 0.750000 0.018750 0.018750
2 0.793750 0.750000 0.018750 0.018750
7 0.742188 0.779687 0.021875 0.021875
7 0.773438 0.779687 0.021875 0.021875
