0 0.684375 0.378125 0.109375 0.128125
1 0.684375 0.339062 0.050000 0.050000
4 0.684375 0.384375 0.078125 0.059375
2 0.640625 0.390625 0.021875 0.021875
2 0.728125 0.390625 0.021875 0.021875
3 0.664062 0.428125 0.028125 0.028125
3 0.704688 0.428125 0.028125 0.028125
0 0.398438 0.289844 0.087500 0.092188
1 0.398438 0.262500 0.037500 0.037500
4 0.398438 0.295312 0.059375 0.043750
2 0.364063 0.300000 0.018750 0.018750
2 0.432812 0.300000 0.018750 0.018750
3 0.382812 0.326562 0.018750 0.018750
3 0.414062 0.326562 0.018750 0.018750
0 0.720313 0.624219 0.090625 0.101562
1 0.720313 0.593750 0.040625 0.040625
4 0.720313 0.629687 0.062500 0.046875
2 0.684375 0.634375 0.018750 0.018750
2 0.756250 0.634375 0.018750 0.018750
3 0.704688 0.664062 0.021875 0.021875
3 0.735938 0.664062 0.021875 0.021875
0 0.448437 0.560156 0.096875 0.107813
1 0.448437 0.528125 0.043750 0.043750
8 0.448437 0.567187 0.068750 0.050000
2 0.409375 0.571875 0.018750 0.018750
2 0.487500 0.571875 0.018750 0.018750
3 0.431250 0.603125 0.021875 0.021875
3 0.465625 0.603125 0.021875 0.021875
