0 0.648438 0.694531 0.125000 0.139063
5 0.648438 0.653125 0.056250 0.056250
4 0.648438 0.703125 0.087500 0.065625
2 0.598437 0.709375 0.025000 0.025000
2 0.698438 0.709375 0.025000 0.025000
7 0.626563 0.750000 0.028125 0.028125
7 0.670312 0.750000 0.028125 0.028125
0 0.535937 0.421875 0.103125 0.115625
1 0.535937 0.387500 0.046875 0.046875
4 0.535937 0.428125 0.071875 0.053125
6 0.495312 0.434375 0.021875 0.021875
6 0.576562 0.434375 0.021875 0.021875
7 0.517188 0.467187 0.025000 0.025000
7 0.554688 0.467187 0.025000 0.025000
0 0.775000 0.566406 0.096875 0.107813
5 0.775000 0.534375 0.043750 0.043750
8 0.775000 0.573438 0.068750 0.050000
2 0.735938 0.578125 0.018750 0.018750
2 0.814063 0.578125 0.018750 0.018750
3 0.757812 0.609375 0.021875 0.021875
3 0.792188 0.609375 0.021875 0.021875
0 0.660937 0.345313 0.103125 0.115625
5 0.660937 0.310937 0.046875 0.046875
4 0.660937 0.351562 0.071875 0.053125
2 0.620313 0.357812 0.021875 0.021875
2 0.701562 0.357812 0.021875 0.021875
3 0.642188 0.390625 0.025000 0.025000
3 0.679688 0.390625 0.025000 0.025000
0 0.425000 0.235156 0.096875 0.107813
1 0.425000 0.203125 0.043750 0.043750
8 0.425000 0.242188 0.068750 0.050000
6 0.385937 0.246875 0.018750 0.018750
6 0.464062 0.246875 0.018750 0.018750
7 0.407813 0.278125 0.021875 0.021875
7 0.442188 0.278125 0.021875 0.021875
0 0.342187 0.352344 0.125000 0.139063
1 0.342187 0.310937 0.056250 0.056250
4 0.342187 0.360938 0.087500 0.065625
2 0.292187 0.367188 0.025000 0.025000
2 0.392188 0.367188 0.025000 0.025000
3 0.320312 0.407813 0.028125 0.028125
3 0.364063 0.407813 0.028125 0.028125
