0 0.710938 0.521094 0.090625 0.101562
1 0.710938 0.490625 0.040625 0.040625
4 0.710938 0.526563 0.062500 0.046875
2 0.675000 0.531250 0.018750 0.018750
2 0.746875 0.531250 0.018750 0.018750
7 0.695312 0.560937 0.021875 0.021875
7 0.726562 0.560937 0.021875 0.021875
0 0.496875 0.404687 0.106250 0.115625
1 0.496875 0.370312 0.046875 0.046875
4 0.496875 0.410938 0.075000 0.053125
6 0.454688 0.417187 0.021875 0.021875
6 0.539062 0.417187 0.021875 0.021875
3 0.478125 0.450000 0.025000 0.025000
3 0.515625 0.450000 0.025000 0.025000
0 0.573438 0.784375 0.103125 0.115625
1 0.573438 0.750000 0.046875 0.046875
8 0.573438 0.790625 0.071875 0.053125
2 0.532813 0.796875 0.021875 0.021875
2 0.614062 0.796875 0.021875 0.021875
7 0.554688 0.829688 0.025000 0.025000
7 0.592187 0.829688 0.025000 0.025000
0 0.576562 0.628906 0.121875 0.135937
5 0.576562 0.589063 0.056250 0.056250
4 0.576562 0.637500 0.084375 0.062500
6 0.528125 0.643750 0.025000 0.025000
6 0.625000 0.643750 0.025000 0.025000
7 0.554688 0.682813 0.028125 0.028125
7 0.598437 0.682813 0.028125 0.028125
0 0.807813 0.756250 0.109375 0.128125
1 0.807813 0.717187 0.050000 0.050000
8 0.807813 0.762500 0.078125 0.059375
6 0.764062 0.768750 0.021875 0.021875
6 0.851562 0.768750 0.021875 0.021875
3 0.787500 0.806250 0.028125 0.028125
3 0.828125 0.806250 0.028125 0.028125
