0 0.270313 0.396094 0.121875 0.135937
1 0.270313 0.356250 0.056250 0.056250
4 0.270313 0.404687 0.084375 0.062500
2 0.221875 0.410938 0.025000 0.025000
2 0.318750 0.410938 0.025000 0.025000
7 0.248438 0.450000 0.028125 0.028125
7 0.292187 0.450000 0.028125 0.028125
0 0.796875 0.333594 0.096875 0.107813
1 0.796875 0.301563 0.043750 0.043750
4 0.796875 0.340625 0.068750 0.050000
6 0.757812 0.345313 0.018750 0.018750
6 0.835938 0.345313 0.018750 0.018750
7 0.779687 0.376563 0.021875 0.021875
7 0.814063 0.376563 0.021875 0.021875
0 0.371875 0.241406 0.125000 0.135937
1 0.371875 0.201563 0.056250 0.056250
4 0.371875 0.250000 0.087500 0.062500
2 0.321875 0.256250 0.025000 0.025000
2 0.421875 0.256250 0.025000 0.025000
3 0.350000 0.295312 0.028125 0.028125
3 0.393750 0.295312 0.028125 0.028125
