0 0.751563 0.799219 0.096875 0.107813
1 0.751563 0.767188 0.043750 0.043750
4 0.751563 0.806250 0.068750 0.050000
6 0.712500 0.810937 0.018750 0.018750
6 0.790625 0.810937 0.018750 0.018750
3 0.734375 0.842187 0.021875 0.021875
3 0.768750 0.842187 0.021875 0.021875
0 0.490625 0.785156 0.093750 0.101562
1 0.490625 0.754687 0.040625 0.040625
4 0.490625 0.790625 0.065625 0.046875
6 0.453125 0.795312 0.018750 0.018750
6 0.528125 0.795312 0.018750 0.018750
3 0.473438 0.825000 0.021875 0.021875
3 0.507812 0.825000 0.021875 0.021875
0 0.598437 0.277344 0.090625 0.101562
1 0.598437 0.246875 0.040625 0.040625
4 0.598437 0.282813 0.062500 0.046875
2 0.562500 0.287500 0.018750 0.018750
2 0.634375 0.287500 0.018750 0.018750
3 0.582812 0.317188 0.021875 0.021875
3 0.614062 0.317188 0.021875 0.021875
0 0.362500 0.614844 0.093750 0.101562
1 0.362500 0.584375 0.040625 0.040625
4 0.362500 0.620313 0.065625 0.046875
6 0.325000 0.625000 0.018750 0.018750
6 0.400000 0.625000 0.018750 0.018750
3 0.345313 0.654687 0.021875 0.021875
3 0.379688 0.654687 0.021875 0.021875
