0 0.743750 0.443750 0.103125 0.115625
1 0.743750 0.409375 0.046875 0.046875
4 0.743750 0.450000 0.071875 0.053125
6 0.703125 0.456250 0.021875 0.021875
6 0.784375 0.456250 0.021875 0.021875
3 0.725000 0.489063 0.025000 0.025000
3 0.762500 0.489063 0.025000 0.025000
0 0.332813 0.335938 0.106250 0.115625
5 0.332813 0.301563 0.046875 0.046875
8 0.332813 0.342187 0.075000 0.053125
2 0.290625 0.348438 0.021875 0.021875
2 0.375000 0.348438 0.021875 0.021875
3 0.314063 0.381250 0.025000 0.025000
3 0.351562 0.381250 0.025000 0.025000
0 0.392188 0.489844 0.093750 0.107813
1 0.392188 0.457813 0.043750 0.043750
4 0.392188 0.496875 0.065625 0.050000
2 0.354687 0.501563 0.018750 0.018750
2 0.429688 0.501563 0.018750 0.018750
3 0.375000 0.532813 0.021875 0.021875
3 0.409375 0.532813 0.021875 0.021875
0 0.839063 0.572656 0.096875 0.107813
1 0.839063 0.540625 0.043750 0.043750
4 0.839063 0.579688 0.068750 0.050000
2 0.800000 0.584375 0.018750 0.018750
2 0.878125 0.584375 0.018750 0.018750
3 0.821875 0.615625 0.021875 0.021875
3 0.856250 0.615625 0.021875 0.021875
