0 0.460938 0.716406 0.096875 0.107813
5 0.460938 0.684375 0.043750 0.043750
8 0.460938 0.723437 0.068750 0.050000
6 0.421875 0.728125 0.018750 0.018750
6 0.500000 0.728125 0.018750 0.018750
3 0.443750 0.759375 0.021875 0.021875
3 0.478125 0.759375 0.021875 0.021875
0 0.657813 0.679688 0.109375 0.121875
1 0.657813 0.643750 0.050000 0.050000
4 0.657813 0.687500 0.078125 0.056250
2 0.614062 0.693750 0.021875 0.021875
2 0.701562 0.693750 0.021875 0.021875
7 0.637500 0.728125 0.025000 0.025000
7 0.678125 0.728125 0.025000 0.025000
0 0.343750 0.621875 0.103125 0.115625
5 0.343750 0.587500 0.046875 0.046875
4 0.343750 0.628125 0.071875 0.053125
6 0.303125 0.634375 0.021875 0.021875
6 0.384375 0.634375 0.021875 0.021875
7 0.325000 0.667188 0.025000 0.025000
7 0.362500 0.667188 0.025000 0.025000
