0 0.375000 0.585938 0.109375 0.121875
5 0.375000 0.550000 0.050000 0.050000
8 0.375000 0.593750 0.078125 0.056250
6 0.331250 0.600000 0.021875 0.021875
6 0.418750 0.600000 0.021875 0.021875
7 0.354687 0.634375 0.025000 0.025000
7 0.395313 0.634375 0.025000 0.025000
0 0.590625 0.752344 0.093750 0.104688
1 0.590625 0.721875 0.043750 0.043750
4 0.590625 0.759375 0.065625 0.046875
6 0.553125 0.764062 0.018750 0.018750
6 0.628125 0.764062 0.018750 0.018750
7 0.573438 0.793750 0.021875 0.021875
7 0.607812 0.793750 0.021875 0.021875
0 0.171875 0.421094 0.093750 0.107813
1 0.171875 0.389062 0.043750 0.043750
4 0.171875 0.428125 0.065625 0.050000
2 0.134375 0.432812 0.018750 0.018750
2 0.209375 0.432812 0.018750 0.018750
7 0.154688 0.464062 0.021875 0.021875
7 0.189062 0.464062 0.021875 0.021875
0 0.801562 0.569531 0.090625 0.101562
1 0.801562 0.539062 0.040625 0.040625
8 0.801562 0.575000 0.062500 0.046875
2 0.765625 0.579688 0.018750 0.018750
2 0.837500 0.579688 0.018750 0.018750
7 0.785937 0.609375 0.021875 0.021875
7 0.817187 0.609375 0.021875 0.021875
0 0.846875 0.400000 0.109375 0.121875
5 0.846875 0.364063 0.050000 0.050000
8 0.846875 0.407813 0.078125 0.056250
6 0.803125 0.414062 0.021875 0.021875
6 0.890625 0.414062 0.021875 0.021875
7 0.826562 0.448437 0.025000 0.025000
7 0.867188 0.448437 0.025000 0.025000
0 0.498437 0.297656 0.125000 0.135937
1 0.498437 0.257812 0.056250 0.056250
8 0.498437 0.306250 0.087500 0.062500
6 0.448437 0.312500 0.025000 0.025000
6 0.548438 0.312500 0.025000 0.025000
7 0.476562 0.351562 0.028125 0.028125
7 0.520312 0.351562 0.028125 0.028125
