0 0.779687 0.517188 0.106250 0.115625
5 0.779687 0.482812 0.046875 0.046875
8 0.779687 0.523438 0.075000 0.053125
6 0.737500 0.529687 0.021875 0.021875
6 0.821875 0.529687 0.021875 0.021875
7 0.760938 0.562500 0.025000 0.025000
7 0.798438 0.562500 0.025000 0.025000
0 0.650000 0.706250 0.106250 0.115625
1 0.650000 0.671875 0.046875 0.046875
4 0.650000 0.712500 0.075000 0.053125
2 0.607812 0.718750 0.021875 0.021875
2 0.692187 0.718750 0.021875 0.021875
3 0.631250 0.751563 0.025000 0.025000
3 0.668750 0.751563 0.025000 0.025000
0 0.507812 0.324219 0.121875 0.129688
5 0.507812 0.285938 0.053125 0.053125
8 0.507812 0.331250 0.084375 0.059375
2 0.459375 0.337500 0.025000 0.025000
2 0.556250 0.337500 0.025000 0.025000
7 0.485938 0.375000 0.028125 0.028125
7 0.529687 0.375000 0.028125 0.028125
