0 0.648438 0.485938 0.109375 0.128125
1 0.648438 0.446875 0.050000 0.050000
4 0.648438 0.492188 0.078125 0.059375
2 0.604688 0.498437 0.021875 0.021875
2 0.692187 0.498437 0.021875 0.021875
3 0.628125 0.535937 0.028125 0.028125
3 0.668750 0.535937 0.028125 0.028125
0 0.757812 0.648438 0.109375 0.121875
1 0.757812 0.612500 0.050000 0.050000
4 0.757812 0.656250 0.078125 0.056250
2 0.714063 0.662500 0.021875 0.021875
2 0.801562 0.662500 0.021875 0.021875
3 0.737500 0.696875 0.025000 0.025000
3 0.778125 0.696875 0.025000 0.025000
0 0.571875 0.780469 0.118750 0.129688
1 0.571875 0.742188 0.053125 0.053125
4 0.571875 0.787500 0.081250 0.059375
2 0.525000 0.793750 0.025000 0.025000
2 0.618750 0.793750 0.025000 0.025000
3 0.550000 0.831250 0.028125 0.028125
3 0.593750 0.831250 0.028125 0.028125
