0 0.606250 0.400000 0.103125 0.115625
1 0.606250 0.365625 0.046875 0.046875
4 0.606250 0.406250 0.071875 0.053125
6 0.565625 0.412500 0.021875 0.021875
6 0.646875 0.412500 0.021875 0.021875
3 0.587500 0.445312 0.025000 0.025000
3 0.625000 0.445312 0.025000 0.025000
0 0.206250 0.800781 0.090625 0.101562
5 0.206250 0.770312 0.040625 0.040625
4 0.206250 0.806250 0.062500 0.046875
2 0.170313 0.810937 0.018750 0.018750
2 0.242188 0.810937 0.018750 0.018750
3 0.190625 0.840625 0.021875 0.021875
3 0.221875 0.840625 0.021875 0.021875
0 0.606250 0.557031 0.096875 0.107813
5 0.606250 0.525000 0.043750 0.043750
4 0.606250 0.564063 0.068750 0.050000
2 0.567187 0.568750 0.018750 0.018750
2 0.645312 0.568750 0.018750 0.018750
3 0.589063 0.600000 0.021875 0.021875
3 0.623437 0.600000 0.021875 0.021875
0 0.801562 0.675000 0.118750 0.131250
1 0.801562 0.635938 0.053125 0.053125
4 0.801562 0.682813 0.081250 0.059375
2 0.754687 0.689063 0.025000 0.025000
2 0.848437 0.689063 0.025000 0.025000
3 0.781250 0.726562 0.028125 0.028125
3 0.821875 0.726562 0.028125 0.028125
0 0.817187 0.364844 0.096875 0.107813
1 0.817187 0.332813 0.043750 0.043750
4 0.817187 0.371875 0.068750 0.050000
2 0.778125 0.376563 0.018750 0.018750
2 0.856250 0.376563 0.018750 0.018750
3 0.800000 0.407813 0.021875 0.021875
3 0.834375 0.407813 0.021875 0.021875
