0 0.395313 0.232813 0.103125 0.115625
1 0.395313 0.198437 0.046875 0.046875
8 0.395313 0.239063 0.071875 0.053125
6 0.354687 0.245312 0.021875 0.021875
6 0.435937 0.245312 0.021875 0.021875
7 0.376563 0.278125 0.025000 0.025000
7 0.414062 0.278125 0.025000 0.025000
0 0.323437 0.426563 0.112500 0.128125
5 0.323437 0.387500 0.050000 0.050000
4 0.323437 0.432812 0.081250 0.059375
2 0.278125 0.439063 0.021875 0.021875
2 0.368750 0.439063 0.021875 0.021875
7 0.303125 0.476562 0.028125 0.028125
7 0.343750 0.476562 0.028125 0.028125
0 0.543750 0.694531 0.093750 0.104688
5 0.543750 0.664062 0.043750 0.043750
4 0.543750 0.701562 0.065625 0.046875
2 0.506250 0.706250 0.018750 0.018750
2 0.581250 0.706250 0.018750 0.018750
7 0.526563 0.735938 0.021875 0.021875
7 0.560937 0.735938 0.021875 0.021875
0 0.245312 0.567969 0.096875 0.107813
1 0.245312 0.535937 0.043750 0.043750
8 0.245312 0.575000 0.068750 0.050000
2 0.206250 0.579688 0.018750 0.018750
2 0.284375 0.579688 0.018750 0.018750
7 0.228125 0.610938 0.021875 0.021875
7 0.262500 0.610938 0.021875 0.021875
0 0.704688 0.343750 0.112500 0.131250
1 0.704688 0.304688 0.053125 0.053125
8 0.704688 0.351562 0.081250 0.059375
2 0.659375 0.357812 0.021875 0.021875
2 0.750000 0.357812 0.021875 0.021875
3 0.684375 0.395313 0.028125 0.028125
3 0.725000 0.395313 0.028125 0.028125
0 0.653125 0.548438 0.118750 0.131250
1 0.653125 0.509375 0.053125 0.053125
4 0.653125 0.556250 0.081250 0.059375
6 0.606250 0.562500 0.025000 0.025000
6 0.700000 0.562500 0.025000 0.025000
3 0.632812 0.600000 0.028125 0.028125
3 0.673438 0.600000 0.028125 0.028125
