0 0.760742 0.294922 0.058090 0.129220
0 0.247070 0.308594 0.055776 0.129220
0 0.682617 0.310547 0.038164 0.095908
0 0.367188 0.312500 0.048051 0.117526
0 0.549805 0.326172 0.032000 0.086639
0 0.419922 0.328125 0.027945 0.057308
0 0.592773 0.330078 0.053918 0.129220
0 0.172852 0.337891 0.040018 0.104739
0 0.074219 0.341797 0.062162 0.131873
0 0.447266 0.373047 0.035907 0.107616
0 0.538086 0.451172 0.050045 0.329162
0 0.686523 0.494141 0.089625 0.468195
0 0.457031 0.518555 0.058090 0.403356
0 0.173828 0.538086 0.071667 0.511306
0 0.382812 0.541992 0.133672 0.581554
0 0.823242 0.557617 0.207641 0.707826
0 0.246094 0.557617 0.109826 0.630815
0 0.592773 0.577148 0.135496 0.626555
0 0.082031 0.608398 0.146973 0.665952
1 0.764648 0.263672 0.060091 0.068812
1 0.247070 0.271484 0.058090 0.060091
1 0.682617 0.283203 0.040018 0.041962
1 0.367188 0.283203 0.050045 0.060091
1 0.592773 0.292969 0.055776 0.057308
1 0.549805 0.304688 0.030107 0.041962
1 0.074219 0.308594 0.062162 0.066071
1 0.171875 0.312500 0.040018 0.053918
1 0.447266 0.341797 0.035907 0.041962
2 0.909180 0.506836 0.052122 0.095908
3 0.737305 0.795898 0.027945 0.057308
3 0.838867 0.885742 0.030107 0.057308
4 0.784180 0.412109 0.112081 0.198022
4 0.686523 0.417969 0.089625 0.156215
4 0.380859 0.419922 0.128347 0.146973
4 0.166016 0.437500 0.055776 0.146973
4 0.243164 0.437500 0.106168 0.195357
4 0.596680 0.451172 0.135496 0.176478
4 0.080078 0.470703 0.144016 0.180101
