0 0.453125 0.502930 0.078266 0.185049
0 0.347656 0.612305 0.079334 0.440497
0 0.189453 0.709961 0.087228 0.446507
0 0.244141 0.752930 0.087228 0.487621
0 0.462891 0.764648 0.078266 0.471378
0 0.291016 0.788086 0.112081 0.417256
1 0.351562 0.425781 0.040564 0.068812
1 0.433594 0.433594 0.040564 0.048378
1 0.433594 0.482422 0.040564 0.065625
1 0.207031 0.518555 0.053192 0.065625
1 0.265625 0.538086 0.045516 0.057698
1 0.449219 0.565430 0.048378 0.070225
1 0.310547 0.616211 0.051420 0.068812
2 0.382812 0.733398 0.028135 0.101250
3 0.382812 0.733398 0.028135 0.101250
4 0.349609 0.620117 0.078266 0.261434
