0 0.328125 0.235352 0.103329 0.169447
0 0.522461 0.271484 0.128347 0.338206
0 0.250000 0.275391 0.089625 0.297352
0 0.655273 0.316406 0.118325 0.371858
0 0.874023 0.330078 0.134581 0.477809
0 0.177734 0.365234 0.183800 0.481058
0 0.721680 0.457031 0.124915 0.440497
0 0.335938 0.462891 0.148979 0.329162
0 0.429688 0.464844 0.161598 0.597532
0 0.514648 0.627930 0.301409 0.737194
0 0.768555 0.655273 0.364376 0.679627
0 0.169922 0.678711 0.340505 0.630815
1 0.518555 0.136719 0.065625 0.066972
1 0.858398 0.137695 0.103329 0.093978
1 0.172852 0.166992 0.083753 0.091465
1 0.647461 0.167969 0.065625 0.079334
1 0.235352 0.198242 0.061325 0.145981
1 0.322266 0.199219 0.069280 0.093978
1 0.414062 0.221680 0.079334 0.115944
1 0.752930 0.275391 0.065625 0.076174
1 0.557617 0.306641 0.095908 0.095908
1 0.316406 0.347656 0.082068 0.098543
1 0.815430 0.414062 0.155160 0.190133
1 0.092773 0.441406 0.138279 0.158346
2 0.549805 0.596680 0.047727 0.066972
4 0.569336 0.561523 0.192727 0.281663
