0 0.480469 0.055664 0.010252 0.052122
0 0.510742 0.117188 0.012226 0.062585
0 0.760742 0.118164 0.013172 0.058882
0 0.538086 0.120117 0.016585 0.066972
0 0.713867 0.146484 0.018112 0.074641
0 0.717773 0.178711 0.021024 0.106168
0 0.737305 0.196289 0.021024 0.104032
0 0.506836 0.596680 0.055776 0.254443
0 0.382812 0.627930 0.060091 0.259668
1 0.717773 0.490234 0.011195 0.020050
1 0.510742 0.490234 0.021024 0.041678
1 0.378906 0.518555 0.021455 0.037396
2 0.530273 0.631836 0.009777 0.020882
3 0.709961 0.717773 0.011195 0.034710
3 0.741211 0.729492 0.011195 0.034710
3 0.725586 0.733398 0.011195 0.034710
3 0.741211 0.745117 0.011195 0.034710
3 0.729492 0.749023 0.011195 0.034710
3 0.725586 0.760742 0.011195 0.034710
3 0.737305 0.772461 0.011195 0.034710
3 0.725586 0.784180 0.011195 0.034710
3 0.737305 0.795898 0.011195 0.034710
3 0.725586 0.807617 0.011195 0.034710
3 0.737305 0.815430 0.011195 0.034012
3 0.725586 0.827148 0.012734 0.034710
3 0.737305 0.838867 0.012734 0.034012
3 0.725586 0.850586 0.013626 0.034710
3 0.737305 0.858398 0.013626 0.034710
3 0.725586 0.870117 0.013626 0.035664
3 0.737305 0.877930 0.014681 0.035664
3 0.741211 0.889648 0.015604 0.036396
3 0.729492 0.897461 0.013626 0.036396
3 0.725586 0.909180 0.013626 0.035664
3 0.729492 0.920898 0.011195 0.034012
3 0.725586 0.932617 0.013626 0.035664
3 0.721680 0.944336 0.013626 0.038948
3 0.717773 0.956055 0.013626 0.035664
3 0.729492 0.967773 0.013626 0.038948
3 0.717773 0.979492 0.014681 0.038164
4 0.482422 0.160156 0.011195 0.034710
4 0.717773 0.161133 0.017628 0.040018
4 0.737305 0.188477 0.018112 0.046767
4 0.506836 0.573242 0.047727 0.115944
