0 0.330078 0.316406 0.068812 0.175286
0 0.324219 0.545898 0.067428 0.354633
0 0.248047 0.545898 0.092087 0.465033
0 0.380859 0.569336 0.086054 0.497634
0 0.749023 0.588867 0.099887 0.371858
0 0.071289 0.733398 0.122402 0.335922
1 0.326172 0.246094 0.035907 0.035907
1 0.390625 0.347656 0.042247 0.050045
1 0.232422 0.351562 0.043703 0.078266
1 0.310547 0.398438 0.040564 0.057698
1 0.764648 0.460938 0.048378 0.062585
1 0.067383 0.600586 0.050045 0.067428
2 0.285156 0.561523 0.023431 0.060911
3 0.670898 0.666992 0.037651 0.037651
4 0.330078 0.460938 0.053192 0.115944
4 0.244141 0.492188 0.076691 0.188849
4 0.388672 0.492188 0.070225 0.187574
4 0.776367 0.573242 0.045516 0.161598
4 0.059570 0.729492 0.093978 0.174102
