0 0.690430 0.369141 0.092087 0.389920
0 0.627930 0.457031 0.086054 0.428719
0 0.335938 0.488281 0.086054 0.270442
0 0.406250 0.488281 0.084323 0.471378
0 0.741211 0.549805 0.104739 0.316049
0 0.158203 0.764648 0.092087 0.468195
1 0.694336 0.203125 0.034476 0.057698
1 0.333984 0.253906 0.029702 0.046767
1 0.631836 0.267578 0.035907 0.051420
1 0.427734 0.279297 0.043703 0.053192
1 0.324219 0.382812 0.043703 0.056155
1 0.768555 0.565430 0.045516 0.031356
1 0.166992 0.565430 0.045516 0.065625
2 0.659180 0.470703 0.029702 0.051420
3 0.285156 0.600586 0.025073 0.062585
4 0.608398 0.392578 0.048378 0.169447
