0 0.498047 0.514648 0.052122 0.299374
0 0.149414 0.534180 0.032000 0.263211
0 0.639648 0.538086 0.062162 0.403356
0 0.021484 0.541992 0.041962 0.263211
0 0.099609 0.541992 0.109826 0.422948
0 0.427734 0.549805 0.177677 0.897260
0 0.310547 0.565430 0.089625 0.434568
0 0.600586 0.565430 0.166037 0.573727
0 0.768555 0.565430 0.177677 0.511306
0 0.225586 0.581055 0.146973 0.494274
1 0.453125 0.253906 0.089625 0.061325
1 0.592773 0.308594 0.050045 0.055776
1 0.756836 0.339844 0.052122 0.055776
1 0.076172 0.345703 0.020050 0.032000
1 0.209961 0.355469 0.050045 0.045516
1 0.312500 0.367188 0.038164 0.040018
1 0.496094 0.380859 0.030107 0.034710
1 0.148438 0.417969 0.027945 0.032000
1 0.011719 0.421875 0.024075 0.026650
2 0.500000 0.534180 0.020050 0.024075
3 0.698242 0.780273 0.038164 0.042823
3 0.827148 0.803711 0.062162 0.040018
3 0.573242 0.811523 0.048051 0.040018
3 0.655273 0.831055 0.062162 0.050728
4 0.427734 0.400391 0.122402 0.417256
4 0.573242 0.460938 0.107616 0.181326
4 0.752930 0.472656 0.078266 0.148979
4 0.310547 0.476562 0.089625 0.124915
4 0.092773 0.480469 0.097877 0.160507
4 0.020508 0.494141 0.040018 0.074641
4 0.208008 0.518555 0.109826 0.203462
