0 0.713867 0.631836 0.059283 0.187574
0 0.663086 0.659180 0.051420 0.196685
0 0.616211 0.670898 0.037651 0.188849
0 0.557617 0.694336 0.034476 0.196685
0 0.498047 0.717773 0.048378 0.196685
0 0.443359 0.725586 0.050045 0.203462
0 0.343750 0.760742 0.063870 0.222197
1 0.717773 0.549805 0.020323 0.023431
1 0.670898 0.573242 0.018736 0.023431
1 0.612305 0.584961 0.018736 0.021167
1 0.557617 0.612305 0.020323 0.025762
1 0.496094 0.635742 0.023431 0.030312
1 0.439453 0.639648 0.020323 0.028135
1 0.332031 0.659180 0.021896 0.023431
2 0.717773 0.608398 0.014001 0.028135
2 0.666992 0.631836 0.014001 0.021167
2 0.608398 0.643555 0.009387 0.023431
2 0.549805 0.647461 0.009387 0.021167
2 0.604492 0.678711 0.009387 0.021167
2 0.549805 0.682617 0.009387 0.021167
2 0.480469 0.686523 0.009387 0.021167
2 0.502930 0.690430 0.009387 0.021167
2 0.441406 0.698242 0.010896 0.018736
2 0.335938 0.725586 0.014001 0.021167
3 0.690430 0.854492 0.023431 0.018736
3 0.655273 0.854492 0.023431 0.018736
3 0.643555 0.866211 0.023431 0.018736
3 0.624023 0.866211 0.023431 0.018736
3 0.363281 0.866211 0.023431 0.021167
3 0.369141 0.877930 0.023431 0.023431
4 0.721680 0.608398 0.042247 0.070225
4 0.670898 0.635742 0.035907 0.072645
4 0.620117 0.651367 0.031356 0.084323
4 0.557617 0.666992 0.032657 0.084323
4 0.496094 0.690430 0.037651 0.063010
4 0.433594 0.698242 0.029702 0.079334
4 0.337891 0.729492 0.040564 0.079334
