0 0.561523 0.526367 0.071667 0.481058
0 0.398438 0.565430 0.089019 0.446507
0 0.484375 0.639648 0.078266 0.514782
0 0.201172 0.725586 0.117526 0.244307
0 0.167969 0.916992 0.099887 0.167166
1 0.565430 0.316406 0.046767 0.060911
1 0.402344 0.367188 0.038948 0.051420
1 0.490234 0.410156 0.037651 0.054653
1 0.271484 0.725586 0.031356 0.076691
1 0.194336 0.874023 0.043703 0.086054
2 0.530273 0.460938 0.028135 0.071667
3 0.417969 0.741211 0.028135 0.050045
3 0.565430 0.745117 0.032657 0.056155
3 0.386719 0.760742 0.023431 0.054653
4 0.398438 0.490234 0.087228 0.149991
