1 0.20078125 0.31666324171038057 0.0046875 0.006277271077238922
3 0.1953125 0.3346638079671592 0.0109375 0.021938632513557366
0 0.19375 0.3424853983262389 0.021875 0.061064765027114734
0 0.5609375 0.03671875 0.05 0.0734375
6 0.4546875 0.60078125 0.06875 0.0640625
3 0.31875 0.81171875 0.340625 0.3765625
0 0.29453125 0.784375 0.3890625 0.43125
6 0.65078125 0.752692166182024 0.1859375 0.3135817527304745
3 0.59375 0.784375 0.209375 0.43125
1 0.8328125 0.771875 0.334375 0.40625
0 0.74453125 0.784375 0.5109375 0.43125
