1 0.26328125 0.3377297206331417 0.2140625 0.13562037919390768
1 0.090625 0.046875 0.18125 0.09375
1 0.07734375 0.1359375 0.1546875 0.178125
6 0.0625 0.2765625 0.125 0.128125
6 0.2734375 0.4697018832991242 0.10625 0.0693681444174139
0 0.090625 0.278125 0.18125 0.48125
0 0.18671875 0.3859375 0.3609375 0.265625
3 0.73671875 0.259375 0.2140625 0.51875
0 0.74609375 0.259375 0.2328125 0.51875
0 0.303125 0.5788859857584523 0.04375 0.09244203005422928
3 0.86953125 0.6411188619272978 0.0421875 0.04555793969514958
0 0.86953125 0.6356501119272978 0.071875 0.06604315651766246
