2 0.149352 0.670992 0.216234 0.208016
2 0.142859 0.463203 0.112344 0.155625
2 0.314937 0.578242 0.136156 0.127703
2 0.506492 0.536039 0.138734 0.134203
2 0.477273 0.277375 0.092859 0.106062
2 0.627703 0.637773 0.181594 0.190484
2 0.783547 0.595562 0.181594 0.175312
2 0.891883 0.493828 0.103891 0.149344
2 0.734844 0.227594 0.106281 0.106062
0 0.153789 0.735172 0.290047 0.376625
0 0.136367 0.502492 0.233984 0.283547
0 0.335500 0.649680 0.272937 0.357141
0 0.495672 0.568508 0.185938 0.259734
0 0.683984 0.727594 0.514937 0.452375
0 0.798695 0.634523 0.298922 0.318172
0 0.881008 0.597727 0.237984 0.404766
0 0.466453 0.369367 0.227063 0.363641
0 0.752164 0.365047 0.274672 0.450219
