0 0.942187 0.555734 0.115625 0.239500
0 0.841172 0.564375 0.204937 0.286406
0 0.625117 0.559438 0.133328 0.227156
0 0.514008 0.595242 0.276547 0.328391
0 0.196719 0.637211 0.328406 0.446922
8 0.965852 0.626125 0.064203 0.084000
2 0.932523 0.463141 0.076547 0.083937
2 0.859680 0.468086 0.113578 0.093828
2 0.616477 0.482891 0.101234 0.054312
2 0.490547 0.461906 0.121000 0.091344
2 0.162141 0.500180 0.160531 0.108641
8 0.673258 0.586602 0.081484 0.103703
8 0.821414 0.649555 0.081484 0.081484
8 0.318945 0.684133 0.093828 0.101234
