0 0.380859 0.437500 0.169447 0.597532
0 0.277344 0.445312 0.124915 0.675038
0 0.148438 0.480469 0.263211 0.794238
1 0.191406 0.154297 0.112081 0.139219
1 0.267578 0.166016 0.072645 0.114383
1 0.390625 0.198242 0.076174 0.119129
2 0.320312 0.486328 0.034012 0.060500
2 0.359375 0.514648 0.044000 0.054284
3 0.406250 0.678711 0.041397 0.095908
3 0.349609 0.686523 0.037651 0.101250
3 0.255859 0.803711 0.058485 0.144995
3 0.111328 0.803711 0.095908 0.139219
3 0.220703 0.823242 0.126620 0.101250
4 0.240234 0.369141 0.054284 0.192727
4 0.349609 0.396484 0.108348 0.207641
4 0.101562 0.441406 0.171759 0.440497
