1 0.024219 0.398438 0.048438 0.071875
1 0.328125 0.417969 0.059375 0.117188
1 0.386719 0.338281 0.054688 0.082813
6 0.378906 0.426563 0.020313 0.068750
1 0.371875 0.369531 0.034375 0.057813
2 0.301563 0.610156 0.037500 0.095312
2 0.392969 0.592187 0.026562 0.096875
2 0.434375 0.502344 0.021875 0.089063
6 0.447656 0.485938 0.020313 0.056250
3 0.330469 0.799219 0.042188 0.057813
3 0.356250 0.750781 0.050000 0.067187
3 0.372656 0.588281 0.045312 0.032813
3 0.441406 0.615625 0.064062 0.053125
3 0.433594 0.576562 0.048438 0.037500
3 0.066406 0.613281 0.045313 0.048438
