1 0.273438 0.482812 0.056250 0.112500
1 0.325000 0.381250 0.050000 0.081250
1 0.332813 0.257812 0.043750 0.068750
1 0.587500 0.503125 0.050000 0.112500
1 0.690625 0.252344 0.046875 0.098437
1 0.766406 0.427344 0.045312 0.076563
3 0.663281 0.614844 0.045312 0.067187
3 0.677344 0.661719 0.042188 0.070312
3 0.711719 0.700000 0.057813 0.062500
3 0.614063 0.877344 0.037500 0.079687
3 0.580469 0.917188 0.035937 0.056250
1 0.688281 0.956250 0.073438 0.087500
3 0.255469 0.953906 0.054688 0.073438
3 0.275781 0.879687 0.032813 0.071875
2 0.306250 0.746875 0.031250 0.096875
2 0.217188 0.720313 0.018750 0.078125
2 0.384375 0.346094 0.021875 0.064062
