1 0.770312 0.429688 0.053125 0.090625
1 0.773438 0.475000 0.050000 0.093750
3 0.676562 0.668750 0.059375 0.071875
3 0.713281 0.700000 0.060938 0.056250
3 0.727344 0.775000 0.045312 0.053125
3 0.357813 0.944531 0.056250 0.070312
3 0.285938 0.966406 0.065625 0.064062
1 0.317969 0.525000 0.051562 0.103125
1 0.336719 0.263281 0.042188 0.070312
1 0.280469 0.435156 0.051562 0.101562
1 0.116406 0.435156 0.060937 0.114062
1 0.090625 0.622656 0.062500 0.095312
3 0.111719 0.864844 0.054687 0.051562
3 0.135938 0.814063 0.043750 0.043750
3 0.109375 0.907031 0.065625 0.054688
3 0.171094 0.865625 0.045312 0.056250
3 0.347656 0.439063 0.054688 0.053125
2 0.240625 0.523438 0.040625 0.075000
2 0.267969 0.530469 0.026562 0.076563
2 0.385938 0.367188 0.025000 0.043750
2 0.352344 0.782813 0.032813 0.100000
2 0.039063 0.826562 0.046875 0.109375
2 0.124219 0.659375 0.023438 0.068750
