1 0.136719 0.525781 0.067188 0.110937
1 0.310938 0.516406 0.053125 0.085938
1 0.350000 0.432812 0.065625 0.112500
1 0.525000 0.344531 0.059375 0.117187
3 0.507031 0.678906 0.067187 0.076563
3 0.519531 0.717187 0.054688 0.096875
3 0.371094 0.601562 0.048438 0.050000
3 0.403125 0.642188 0.040625 0.075000
3 0.302344 0.728906 0.039062 0.042188
3 0.348438 0.714063 0.028125 0.059375
3 0.130469 0.986719 0.042188 0.026562
3 0.163281 0.973437 0.035937 0.053125
1 0.157813 0.553125 0.053125 0.100000
2 0.510938 0.603906 0.040625 0.101562
2 0.364844 0.533594 0.039062 0.067187
