1 0.047656 0.433594 0.054688 0.085938
1 0.242969 0.434375 0.051562 0.084375
1 0.601562 0.300000 0.053125 0.103125
1 0.432812 0.551562 0.059375 0.100000
1 0.238281 0.620313 0.064062 0.109375
1 0.425781 0.664844 0.057813 0.126562
1 0.750781 0.388281 0.057813 0.104688
1 0.750781 0.500000 0.057813 0.087500
1 0.762500 0.460156 0.059375 0.092188
3 0.673438 0.752344 0.050000 0.048438
3 0.698438 0.760156 0.050000 0.054688
3 0.607031 0.660937 0.051562 0.075000
3 0.575000 0.685937 0.034375 0.071875
2 0.275000 0.741406 0.040625 0.104688
2 0.184375 0.803906 0.040625 0.082812
3 0.053906 0.661719 0.048438 0.073438
3 0.046094 0.610938 0.035938 0.056250
2 0.077344 0.609375 0.032813 0.081250
3 0.216406 0.924219 0.048438 0.095312
3 0.247656 0.980469 0.039062 0.039062
2 0.728125 0.781250 0.043750 0.112500
