1 0.305469 0.196875 0.042188 0.087500
1 0.309375 0.478906 0.050000 0.085938
1 0.210156 0.603906 0.057813 0.092188
3 0.262500 0.797656 0.050000 0.051562
3 0.240625 0.812500 0.040625 0.065625
3 0.342188 0.688281 0.046875 0.064062
1 0.775781 0.425000 0.054688 0.106250
3 0.689844 0.617188 0.054688 0.059375
3 0.721875 0.689844 0.053125 0.057813
3 0.331250 0.340625 0.037500 0.053125
3 0.292969 0.331250 0.048438 0.050000
3 0.625000 0.260156 0.034375 0.045312
3 0.632812 0.298438 0.025000 0.056250
2 0.182813 0.655469 0.028125 0.039062
2 0.280469 0.353906 0.039063 0.045312
2 0.317969 0.337500 0.023438 0.062500
