1 0.765625 0.433594 0.053125 0.089063
1 0.773438 0.475000 0.050000 0.093750
3 0.676562 0.668750 0.059375 0.071875
3 0.713281 0.700000 0.060938 0.056250
3 0.728906 0.770313 0.045312 0.053125
3 0.351563 0.792188 0.056250 0.068750
3 0.365625 0.767188 0.046875 0.062500
1 0.371875 0.343750 0.046875 0.096875
1 0.346094 0.258594 0.042188 0.070313
1 0.232813 0.382812 0.037500 0.087500
3 0.204688 0.616406 0.043750 0.054688
3 0.168750 0.593750 0.021875 0.040625
1 0.068750 0.481250 0.062500 0.100000
1 0.076563 0.644531 0.062500 0.095312
3 0.111719 0.864844 0.054687 0.051562
3 0.132813 0.843750 0.025000 0.043750
3 0.109375 0.907031 0.065625 0.054688
2 0.370313 0.596094 0.034375 0.089063
2 0.335938 0.404687 0.040625 0.093750
2 0.391406 0.365625 0.023438 0.040625
2 0.094531 0.753906 0.032813 0.051562
2 0.090625 0.610156 0.037500 0.060937
