1 0.065625 0.605469 0.062500 0.101562
2 0.106250 0.738281 0.050000 0.067187
2 0.079688 0.732031 0.025000 0.060937
2 0.346094 0.649219 0.039062 0.073438
1 0.173438 0.473438 0.059375 0.109375
1 0.313281 0.385937 0.048438 0.093750
1 0.382031 0.410156 0.054688 0.101562
1 0.314844 0.247656 0.057813 0.060937
1 0.770312 0.432031 0.056250 0.098438
1 0.765625 0.465625 0.053125 0.093750
3 0.671875 0.660156 0.056250 0.067187
3 0.728906 0.776563 0.057813 0.062500
3 0.111719 0.886719 0.051563 0.064062
3 0.329688 0.605469 0.043750 0.054688
3 0.250000 0.710156 0.056250 0.067187
3 0.365625 0.853906 0.046875 0.057813
3 0.387500 0.827344 0.031250 0.082812
3 0.699219 0.695312 0.045312 0.056250
2 0.229688 0.578125 0.031250 0.062500
