1 0.465625 0.071875 0.062500 0.093750
1 0.475781 0.093750 0.045312 0.075000
1 0.175000 0.289844 0.056250 0.082812
1 0.293750 0.363281 0.062500 0.082812
1 0.111719 0.519531 0.054688 0.092188
5 0.341406 0.461719 0.057813 0.064062
3 0.152344 0.800000 0.057813 0.059375
2 0.154688 0.675781 0.043750 0.054688
3 0.175781 0.708594 0.048438 0.076563
3 0.253906 0.635938 0.045312 0.059375
3 0.170313 0.618750 0.043750 0.037500
3 0.296094 0.676562 0.045312 0.046875
3 0.470313 0.472656 0.043750 0.051562
6 0.471875 0.274219 0.025000 0.076563
2 0.203906 0.434375 0.045313 0.075000
2 0.307813 0.608594 0.031250 0.076563
3 0.263281 0.568750 0.035937 0.037500
3 0.497656 0.457031 0.020313 0.048438
3 0.281250 0.601562 0.018750 0.021875
6 0.441406 0.225000 0.020313 0.090625
3 0.437500 0.414062 0.028125 0.065625
2 0.161719 0.633594 0.035937 0.048438
2 0.465625 0.334375 0.028125 0.056250
6 0.292969 0.550781 0.039062 0.042188
