1 0.200000 0.132031 0.053125 0.101563
1 0.240625 0.196094 0.031250 0.039062
1 0.264063 0.347656 0.046875 0.098437
3 0.292969 0.537500 0.039062 0.068750
3 0.312500 0.565625 0.031250 0.059375
3 0.229688 0.840625 0.050000 0.046875
3 0.260938 0.805469 0.034375 0.060937
1 0.175000 0.594531 0.056250 0.101562
1 0.755469 0.488281 0.045312 0.101562
1 0.773438 0.428125 0.053125 0.096875
3 0.675000 0.635938 0.043750 0.068750
3 0.725781 0.689844 0.039062 0.051563
7 0.672656 0.726562 0.045313 0.059375
7 0.687500 0.743750 0.046875 0.062500
3 0.160156 0.416406 0.042188 0.079687
3 0.192188 0.521875 0.043750 0.065625
2 0.294531 0.419531 0.048438 0.051562
2 0.291406 0.402344 0.026562 0.060937
2 0.123438 0.296875 0.031250 0.062500
