1 0.039844 0.411719 0.054688 0.085938
1 0.146094 0.385156 0.067187 0.104688
1 0.271875 0.423438 0.056250 0.096875
1 0.585156 0.407031 0.060937 0.101562
1 0.590625 0.292969 0.068750 0.117188
1 0.770312 0.457813 0.093750 0.068750
1 0.749219 0.392188 0.070312 0.078125
1 0.438281 0.558594 0.082812 0.098437
1 0.496875 0.482031 0.087500 0.104688
2 0.735938 0.786719 0.056250 0.107813
3 0.623438 0.796094 0.050000 0.057813
3 0.535938 0.756250 0.040625 0.078125
3 0.519531 0.917188 0.039062 0.075000
3 0.469531 0.878125 0.029687 0.062500
3 0.153125 0.813281 0.056250 0.085938
3 0.060156 0.657031 0.051563 0.067187
3 0.228125 0.636719 0.037500 0.054688
3 0.290625 0.641406 0.040625 0.054688
