1 0.305469 0.196875 0.042188 0.087500
1 0.317969 0.477344 0.048438 0.085938
1 0.210156 0.603906 0.057813 0.092188
3 0.262500 0.797656 0.050000 0.051562
3 0.240625 0.812500 0.040625 0.065625
3 0.342188 0.688281 0.046875 0.064062
1 0.775781 0.425000 0.054688 0.106250
3 0.739844 0.685156 0.054688 0.060938
3 0.717969 0.705469 0.054688 0.057813
3 0.331250 0.340625 0.037500 0.053125
3 0.292969 0.331250 0.048438 0.050000
3 0.625781 0.257813 0.032813 0.046875
3 0.654687 0.223438 0.025000 0.056250
2 0.275781 0.352344 0.029688 0.045312
2 0.317188 0.342187 0.025000 0.056250
2 0.180469 0.655469 0.032813 0.042188
