1 0.128125 0.516406 0.078125 0.132812
1 0.313281 0.519531 0.064062 0.110937
1 0.412500 0.237500 0.065625 0.112500
1 0.559375 0.322656 0.059375 0.117188
3 0.507031 0.678906 0.067187 0.076563
3 0.578125 0.676562 0.053125 0.096875
3 0.392969 0.596875 0.048437 0.050000
3 0.421875 0.617969 0.037500 0.054688
3 0.311719 0.730469 0.039062 0.042188
3 0.348438 0.714063 0.028125 0.059375
3 0.130469 0.986719 0.042188 0.026562
3 0.163281 0.973437 0.035937 0.053125
3 0.182031 0.871094 0.042188 0.085938
2 0.439063 0.453125 0.031250 0.062500
2 0.392969 0.400781 0.026562 0.064062
2 0.182031 0.771094 0.029687 0.085938
2 0.560937 0.576562 0.050000 0.115625
