1 0.393750 0.153906 0.053125 0.101563
1 0.240625 0.196094 0.031250 0.039062
1 0.264063 0.347656 0.046875 0.098437
3 0.292969 0.537500 0.039062 0.068750
3 0.312500 0.565625 0.031250 0.059375
3 0.229688 0.840625 0.050000 0.046875
3 0.260938 0.805469 0.034375 0.060937
1 0.175000 0.588281 0.056250 0.101562
1 0.748437 0.489844 0.046875 0.101563
1 0.773438 0.428125 0.053125 0.096875
3 0.675000 0.635938 0.043750 0.068750
3 0.725781 0.689844 0.039062 0.051563
7 0.672656 0.726562 0.045313 0.059375
7 0.687500 0.743750 0.046875 0.062500
3 0.346094 0.502344 0.042188 0.079687
3 0.407031 0.504687 0.064062 0.065625
2 0.414062 0.375000 0.031250 0.078125
2 0.292969 0.423438 0.048438 0.078125
2 0.187500 0.764844 0.046875 0.073438
2 0.206250 0.698438 0.037500 0.037500
