1 0.763281 0.457813 0.076563 0.100000
1 0.290625 0.476562 0.056250 0.075000
1 0.224219 0.440625 0.048438 0.106250
1 0.167969 0.405469 0.060937 0.107813
2 0.174219 0.510938 0.023438 0.053125
2 0.152344 0.585938 0.032813 0.068750
2 0.209375 0.552344 0.037500 0.064062
2 0.257031 0.546094 0.035937 0.060937
3 0.193750 0.660156 0.046875 0.060937
3 0.258594 0.696875 0.051562 0.059375
3 0.669531 0.697656 0.054688 0.042188
3 0.701563 0.737500 0.062500 0.046875
1 0.067969 0.516406 0.045313 0.117188
2 0.085156 0.642188 0.054688 0.090625
2 0.029688 0.623437 0.034375 0.081250
3 0.012500 0.724219 0.025000 0.057813
3 0.027344 0.678125 0.032813 0.040625
