1 0.039844 0.411719 0.054688 0.085938
1 0.105469 0.385156 0.067187 0.104688
1 0.214063 0.350000 0.056250 0.096875
1 0.356250 0.355469 0.062500 0.101562
1 0.501563 0.266406 0.068750 0.117188
1 0.770312 0.457813 0.093750 0.068750
1 0.749219 0.392188 0.070312 0.078125
1 0.416406 0.558594 0.082812 0.098437
3 0.489844 0.616406 0.039062 0.057813
3 0.496875 0.639062 0.053125 0.103125
3 0.674219 0.679688 0.064063 0.093750
3 0.139844 0.735938 0.060937 0.087500
3 0.348438 0.786719 0.040625 0.076563
2 0.407813 0.816406 0.040625 0.098437
3 0.061719 0.659375 0.054688 0.103125
2 0.079688 0.584375 0.034375 0.078125
3 0.271094 0.710938 0.082812 0.090625
2 0.732031 0.785937 0.051562 0.093750
