1 0.244531 0.196094 0.039062 0.048437
1 0.258594 0.335156 0.048438 0.089063
1 0.157031 0.582812 0.054688 0.096875
2 0.277344 0.462500 0.057813 0.075000
3 0.282813 0.431250 0.034375 0.046875
3 0.295313 0.551562 0.040625 0.037500
3 0.309375 0.585156 0.040625 0.042188
3 0.217188 0.796094 0.059375 0.060937
3 0.250000 0.807031 0.053125 0.060937
7 0.668750 0.725781 0.056250 0.051562
7 0.685156 0.749219 0.054688 0.032813
3 0.678906 0.642969 0.042188 0.076563
3 0.721094 0.685938 0.042188 0.046875
1 0.771094 0.425000 0.051562 0.081250
1 0.752344 0.483594 0.048438 0.089063
3 0.139844 0.447656 0.045312 0.045312
1 0.184375 0.251563 0.053125 0.087500
3 0.106250 0.425000 0.037500 0.053125
2 0.174219 0.393750 0.035937 0.043750
2 0.261719 0.432031 0.048438 0.060937
2 0.125000 0.260156 0.146875 0.123438
2 0.205469 0.690625 0.039062 0.078125
2 0.156250 0.764844 0.037500 0.051562
