3 0.314844 0.563281 0.039062 0.051562
1 0.337500 0.374219 0.040625 0.085938
3 0.460938 0.453906 0.028125 0.054688
1 0.367188 0.228906 0.034375 0.067188
1 0.205469 0.623437 0.045312 0.090625
3 0.237500 0.804688 0.050000 0.046875
3 0.265625 0.789062 0.043750 0.046875
1 0.770312 0.478906 0.050000 0.089063
1 0.760156 0.428906 0.054688 0.067188
3 0.681250 0.609375 0.037500 0.062500
3 0.722656 0.685156 0.035937 0.054688
3 0.679688 0.728906 0.043750 0.054688
3 0.662500 0.664062 0.046875 0.050000
3 0.323438 0.596875 0.050000 0.062500
3 0.385156 0.458594 0.032812 0.039062
1 0.113281 0.513281 0.054688 0.095312
3 0.182031 0.675781 0.042188 0.039062
3 0.164844 0.657813 0.042188 0.053125
2 0.158594 0.782813 0.045312 0.081250
2 0.302344 0.518750 0.035937 0.071875
2 0.284375 0.480469 0.043750 0.060937
2 0.146094 0.662500 0.035937 0.053125
