3 0.314063 0.561719 0.037500 0.048438
3 0.325000 0.591406 0.040625 0.051562
1 0.346875 0.361719 0.040625 0.085938
3 0.250000 0.433594 0.028125 0.054688
1 0.339062 0.231250 0.034375 0.068750
1 0.194531 0.640625 0.045312 0.084375
3 0.237500 0.804688 0.050000 0.046875
3 0.265625 0.789062 0.043750 0.046875
1 0.538281 0.217969 0.048438 0.082813
1 0.750781 0.478906 0.048438 0.089063
1 0.760156 0.428906 0.054688 0.067188
3 0.681250 0.609375 0.037500 0.062500
3 0.685937 0.616406 0.031250 0.070312
3 0.679688 0.728906 0.043750 0.054688
3 0.692188 0.806250 0.046875 0.050000
3 0.527344 0.591406 0.048438 0.054688
3 0.569531 0.597656 0.035937 0.060937
2 0.535937 0.457813 0.037500 0.078125
2 0.328906 0.473438 0.051562 0.075000
2 0.277344 0.481250 0.054688 0.068750
2 0.123438 0.771094 0.050000 0.064062
2 0.163281 0.700781 0.042188 0.070312
