1 0.770312 0.440625 0.050000 0.075000
1 0.755469 0.482813 0.054688 0.084375
1 0.290625 0.288281 0.050000 0.089063
1 0.222656 0.553906 0.051563 0.095312
3 0.288281 0.659375 0.039062 0.037500
3 0.314844 0.639844 0.017188 0.035937
3 0.229688 0.994531 0.043750 0.010937
3 0.275000 0.979688 0.043750 0.040625
3 0.691406 0.757812 0.045312 0.031250
3 0.677344 0.687500 0.032813 0.034375
3 0.730469 0.709375 0.035938 0.034375
1 0.273438 0.194531 0.034375 0.064062
1 0.183594 0.211719 0.048438 0.089063
2 0.341406 0.461719 0.026562 0.073438
2 0.260938 0.503125 0.034375 0.075000
