1 0.470313 0.092969 0.050000 0.085938
1 0.190625 0.257031 0.056250 0.082812
1 0.300781 0.396094 0.067188 0.092188
1 0.107031 0.525781 0.067188 0.104688
5 0.345313 0.457031 0.059375 0.064062
3 0.153906 0.800000 0.057813 0.059375
2 0.147656 0.665625 0.042188 0.056250
3 0.178906 0.712500 0.048438 0.078125
3 0.253906 0.635938 0.045312 0.059375
3 0.296094 0.676562 0.045312 0.046875
3 0.442188 0.453906 0.043750 0.051562
6 0.478125 0.272656 0.025000 0.076563
2 0.214063 0.417187 0.053125 0.071875
2 0.307813 0.608594 0.031250 0.076563
2 0.307031 0.513281 0.035937 0.060937
3 0.263281 0.568750 0.035937 0.037500
3 0.485938 0.460938 0.040625 0.053125
3 0.281250 0.601562 0.018750 0.021875
2 0.159375 0.619531 0.043750 0.054688
2 0.480469 0.335938 0.029687 0.065625
2 0.254688 0.483594 0.043750 0.067187
6 0.295313 0.554688 0.046875 0.037500
6 0.589063 0.294531 0.031250 0.073438
1 0.566406 0.139063 0.048438 0.100000
3 0.582812 0.485938 0.031250 0.084375
3 0.548438 0.491406 0.028125 0.064062
3 0.180469 0.623437 0.039062 0.037500
6 0.551562 0.294531 0.040625 0.095312
