1 0.763281 0.457813 0.076563 0.100000
1 0.290625 0.473438 0.056250 0.075000
1 0.239063 0.439063 0.046875 0.106250
1 0.169531 0.432031 0.060938 0.107813
2 0.168750 0.517969 0.021875 0.048438
2 0.152344 0.648438 0.032813 0.068750
2 0.207031 0.546094 0.035938 0.051562
2 0.229688 0.553906 0.037500 0.060937
3 0.192188 0.660156 0.046875 0.060937
3 0.257813 0.695312 0.050000 0.059375
3 0.669531 0.697656 0.054688 0.042188
3 0.701563 0.737500 0.062500 0.046875
1 0.074219 0.515625 0.045312 0.115625
2 0.086719 0.642188 0.054688 0.090625
2 0.029688 0.614062 0.034375 0.081250
3 0.014063 0.721094 0.025000 0.070312
3 0.028906 0.677344 0.035938 0.039062
