3 0.047656 0.424219 0.054688 0.085938
1 0.242969 0.434375 0.051562 0.084375
1 0.603125 0.315625 0.053125 0.103125
1 0.432812 0.551562 0.059375 0.100000
1 0.175781 0.432812 0.064063 0.109375
1 0.507031 0.548438 0.057813 0.128125
1 0.750781 0.388281 0.057813 0.104688
1 0.669531 0.407031 0.057813 0.089062
1 0.762500 0.460156 0.059375 0.092188
3 0.682813 0.780469 0.062500 0.067187
3 0.626563 0.700781 0.056250 0.082812
3 0.578125 0.726562 0.046875 0.084375
2 0.214063 0.621875 0.034375 0.081250
2 0.143750 0.673438 0.040625 0.103125
3 0.053906 0.661719 0.048438 0.073438
3 0.046094 0.610938 0.035938 0.056250
2 0.077344 0.609375 0.032813 0.081250
3 0.205469 0.857031 0.048438 0.095312
3 0.162500 0.820312 0.040625 0.053125
3 0.292969 0.639062 0.035937 0.053125
2 0.735156 0.788281 0.045312 0.079687
