1 0.508594 0.207031 0.054688 0.101563
1 0.318750 0.478906 0.050000 0.085938
1 0.173438 0.597656 0.056250 0.092188
3 0.211719 0.753125 0.051562 0.053125
3 0.233594 0.793750 0.039062 0.065625
3 0.260156 0.686719 0.042188 0.064062
3 0.329688 0.683594 0.021875 0.064062
1 0.763281 0.461719 0.054688 0.107813
3 0.667188 0.704688 0.053125 0.059375
3 0.704688 0.735938 0.053125 0.059375
3 0.486719 0.563281 0.045312 0.064062
3 0.507812 0.587500 0.056250 0.059375
2 0.182031 0.700000 0.029687 0.056250
2 0.200000 0.723437 0.034375 0.084375
2 0.560156 0.420312 0.039062 0.068750
2 0.466406 0.263281 0.032813 0.057813
