1 0.764844 0.432813 0.051562 0.081250
1 0.754687 0.495313 0.062500 0.106250
1 0.306250 0.397656 0.050000 0.089063
1 0.527344 0.357813 0.054688 0.100000
3 0.389063 0.719531 0.056250 0.039062
3 0.516406 0.809375 0.048438 0.028125
3 0.691406 0.757812 0.045312 0.031250
3 0.677344 0.687500 0.032813 0.034375
1 0.389844 0.299219 0.054688 0.092188
1 0.186719 0.331250 0.048438 0.090625
1 0.314844 0.270313 0.042188 0.065625
3 0.190625 0.591406 0.037500 0.042188
3 0.385156 0.688281 0.045312 0.045312
6 0.362500 0.586719 0.037500 0.098437
