1 0.505469 0.436719 0.057813 0.110937
1 0.571875 0.577344 0.062500 0.117188
1 0.370313 0.491406 0.062500 0.104688
1 0.264844 0.729688 0.054688 0.115625
1 0.207031 0.883594 0.073438 0.104688
3 0.180469 0.873437 0.039062 0.071875
3 0.203125 0.857031 0.025000 0.057813
3 0.324219 0.927344 0.039062 0.082812
3 0.360938 0.921094 0.062500 0.073438
3 0.517188 0.956250 0.068750 0.065625
3 0.464063 0.846875 0.050000 0.093750
3 0.500781 0.869531 0.054688 0.085938
2 0.552344 0.879687 0.057813 0.093750
2 0.446875 0.640625 0.046875 0.106250
