1 0.770312 0.440625 0.050000 0.075000
1 0.755469 0.482813 0.054688 0.084375
1 0.329688 0.383594 0.050000 0.089063
1 0.222656 0.553906 0.051563 0.095312
3 0.386719 0.723437 0.045313 0.034375
3 0.382813 0.685156 0.021875 0.029687
3 0.229688 0.994531 0.043750 0.010937
3 0.275000 0.979688 0.043750 0.040625
3 0.691406 0.757812 0.045312 0.031250
3 0.677344 0.687500 0.032813 0.034375
3 0.730469 0.709375 0.035938 0.034375
1 0.389062 0.307031 0.056250 0.092188
1 0.192969 0.335156 0.048438 0.089063
1 0.314844 0.270313 0.042188 0.065625
6 0.366406 0.588281 0.042188 0.095312
