1 0.178906 0.543750 0.057813 0.112500
2 0.232031 0.639844 0.029687 0.082812
2 0.286719 0.475000 0.048438 0.062500
2 0.383594 0.354688 0.029688 0.056250
1 0.335938 0.260937 0.043750 0.065625
1 0.329688 0.381250 0.050000 0.087500
3 0.318750 0.596875 0.056250 0.050000
3 0.314063 0.565625 0.050000 0.034375
3 0.591406 0.688281 0.057813 0.064062
2 0.641406 0.497656 0.029687 0.092188
2 0.613281 0.503125 0.029687 0.065625
3 0.670312 0.665625 0.056250 0.078125
3 0.712500 0.691406 0.059375 0.057813
3 0.689063 0.542969 0.034375 0.064062
1 0.770312 0.424219 0.050000 0.095313
1 0.703906 0.185156 0.045312 0.085938
1 0.632031 0.252344 0.051562 0.076563
1 0.632812 0.296094 0.053125 0.089063
