1 0.763281 0.457813 0.076563 0.100000
1 0.300000 0.483594 0.056250 0.095312
1 0.267188 0.435156 0.046875 0.107813
1 0.153906 0.383594 0.060937 0.107813
2 0.181250 0.492969 0.028125 0.048438
2 0.161719 0.532031 0.029688 0.051562
2 0.202344 0.548438 0.029688 0.056250
3 0.193750 0.660156 0.046875 0.060937
3 0.258594 0.696875 0.051562 0.059375
3 0.669531 0.697656 0.054688 0.042188
3 0.701563 0.737500 0.062500 0.046875
1 0.074219 0.453906 0.045313 0.117188
2 0.072656 0.545312 0.039062 0.090625
2 0.025000 0.592187 0.034375 0.081250
3 0.014063 0.721875 0.028125 0.062500
3 0.025781 0.676562 0.045313 0.034375
3 0.185938 0.589844 0.031250 0.029687
