1 0.274219 0.471875 0.048438 0.084375
1 0.226563 0.599219 0.059375 0.110937
3 0.207813 0.674219 0.040625 0.042188
3 0.237500 0.807031 0.046875 0.060937
3 0.271875 0.792188 0.034375 0.043750
3 0.686719 0.624219 0.048438 0.079687
3 0.677344 0.749219 0.060938 0.064062
3 0.702344 0.759375 0.035937 0.046875
1 0.753125 0.421875 0.056250 0.100000
1 0.759375 0.474219 0.059375 0.095312
3 0.727344 0.694531 0.029687 0.039063
1 0.300781 0.592187 0.057813 0.103125
3 0.364063 0.788281 0.056250 0.079687
3 0.367969 0.762500 0.057813 0.068750
2 0.146094 0.772656 0.054688 0.067187
2 0.323438 0.765625 0.043750 0.075000
