1 0.409375 0.100781 0.053125 0.101562
1 0.310938 0.477344 0.050000 0.085938
1 0.149219 0.588281 0.057813 0.092188
3 0.211719 0.753125 0.051562 0.053125
3 0.233594 0.793750 0.039062 0.065625
3 0.260156 0.686719 0.042188 0.064062
3 0.329688 0.683594 0.021875 0.064062
1 0.742969 0.456250 0.054688 0.106250
3 0.725781 0.701563 0.054688 0.059375
3 0.704688 0.735938 0.053125 0.059375
3 0.399219 0.413281 0.045312 0.064062
3 0.432031 0.446094 0.057813 0.057813
2 0.371094 0.206250 0.042188 0.059375
2 0.455469 0.272656 0.023438 0.073438
2 0.138281 0.779687 0.045312 0.078125
2 0.162500 0.700781 0.028125 0.073438
