3 0.180469 0.623437 0.029687 0.050000
3 0.198438 0.657031 0.031250 0.054688
3 0.391406 0.446875 0.035937 0.065625
3 0.452344 0.446875 0.035937 0.065625
3 0.235938 0.801562 0.056250 0.062500
3 0.268750 0.785156 0.043750 0.060937
3 0.573438 0.636719 0.043750 0.054688
3 0.567969 0.687500 0.060937 0.065625
3 0.669531 0.725781 0.048438 0.060937
3 0.695313 0.754687 0.056250 0.046875
1 0.760938 0.422656 0.050000 0.089063
1 0.759375 0.484375 0.056250 0.081250
1 0.576562 0.271875 0.059375 0.096875
1 0.242188 0.431250 0.043750 0.109375
1 0.212500 0.612500 0.056250 0.093750
2 0.142188 0.775781 0.059375 0.073438
