3 0.299219 0.887500 0.048438 0.071875
3 0.322656 0.862500 0.035937 0.053125
3 0.466406 0.876563 0.051562 0.084375
3 0.546875 0.890625 0.034375 0.068750
3 0.658594 0.610156 0.051562 0.079687
3 0.678125 0.660937 0.046875 0.081250
3 0.713281 0.698438 0.048438 0.068750
1 0.770312 0.425781 0.062500 0.092188
1 0.710156 0.263281 0.060937 0.101562
1 0.529687 0.459375 0.078125 0.103125
1 0.313281 0.467187 0.057813 0.096875
1 0.325781 0.398438 0.051563 0.100000
1 0.358594 0.349219 0.060938 0.101562
1 0.332031 0.258594 0.051562 0.076563
