1 0.337500 0.264844 0.028125 0.067187
1 0.353125 0.274219 0.037500 0.051563
1 0.489063 0.282813 0.028125 0.053125
1 0.548438 0.398438 0.028125 0.053125
1 0.552344 0.524219 0.029687 0.067187
1 0.600000 0.535937 0.031250 0.065625
3 0.542969 0.813281 0.020313 0.048438
3 0.556250 0.816406 0.018750 0.060937
3 0.589844 0.820312 0.023438 0.040625
3 0.607813 0.814063 0.021875 0.050000
3 0.467187 0.515625 0.018750 0.059375
3 0.492969 0.531250 0.023438 0.043750
3 0.335938 0.478906 0.015625 0.035937
3 0.351563 0.487500 0.018750 0.028125
