1 0.763281 0.457813 0.076563 0.100000
1 0.300000 0.483594 0.056250 0.095312
1 0.311719 0.351562 0.048438 0.106250
1 0.153906 0.383594 0.060937 0.107813
2 0.185938 0.501563 0.028125 0.050000
2 0.232031 0.413281 0.029687 0.051562
2 0.195313 0.549219 0.037500 0.054688
3 0.185938 0.646094 0.046875 0.060937
3 0.258594 0.696875 0.051562 0.059375
3 0.669531 0.697656 0.054688 0.042188
3 0.701563 0.737500 0.062500 0.046875
1 0.022656 0.265625 0.045313 0.115625
2 0.029688 0.409375 0.034375 0.081250
3 0.014063 0.721875 0.028125 0.062500
3 0.016406 0.675000 0.032813 0.034375
2 0.329688 0.401562 0.031250 0.065625
3 0.188281 0.584375 0.023438 0.028125
