5 0.842969 0.325781 0.026562 0.054688
1 0.845313 0.286719 0.031250 0.054688
1 0.661719 0.215625 0.032813 0.062500
3 0.655469 0.482812 0.032813 0.040625
3 0.657031 0.453125 0.032813 0.050000
3 0.797656 0.461719 0.032813 0.042188
3 0.830469 0.481250 0.032813 0.018750
3 0.238281 0.968750 0.042188 0.062500
3 0.262500 0.965625 0.043750 0.062500
3 0.686719 0.085156 0.014063 0.029687
3 0.696875 0.103906 0.015625 0.026562
3 0.737500 0.108594 0.018750 0.042188
3 0.753125 0.094531 0.018750 0.029687
2 0.275781 0.787500 0.045312 0.050000
2 0.263281 0.807813 0.039062 0.059375
2 0.645312 0.290625 0.021875 0.031250
1 0.831250 0.393750 0.028125 0.046875
