1 0.392188 0.217969 0.053125 0.101563
1 0.296094 0.482031 0.048438 0.085938
1 0.182813 0.602344 0.056250 0.092188
3 0.211719 0.753125 0.051562 0.053125
3 0.233594 0.793750 0.039062 0.065625
3 0.260156 0.686719 0.042188 0.064062
3 0.329688 0.683594 0.021875 0.064062
1 0.763281 0.461719 0.054688 0.107813
3 0.667188 0.704688 0.053125 0.059375
3 0.704688 0.735938 0.053125 0.059375
3 0.371875 0.564063 0.053125 0.071875
3 0.408594 0.591406 0.057812 0.057813
2 0.179688 0.694531 0.025000 0.067187
2 0.199219 0.719531 0.029687 0.082812
2 0.368750 0.437500 0.031250 0.068750
