1 0.334375 0.422656 0.056250 0.114062
1 0.184375 0.511719 0.059375 0.095312
1 0.242969 0.575781 0.070312 0.107813
1 0.309375 0.610938 0.053125 0.100000
1 0.402344 0.538281 0.051562 0.110937
1 0.445312 0.503125 0.059375 0.121875
1 0.437500 0.457813 0.050000 0.084375
3 0.442969 0.896875 0.057813 0.062500
3 0.400000 0.982031 0.075000 0.035937
3 0.402344 0.955469 0.070313 0.057813
3 0.343750 0.864062 0.040625 0.071875
3 0.161719 0.935156 0.042188 0.070312
2 0.245313 0.862500 0.043750 0.081250
2 0.372656 0.696094 0.035937 0.145313
