3 0.180469 0.623437 0.029687 0.050000
3 0.198438 0.657031 0.031250 0.054688
3 0.365625 0.430469 0.037500 0.067187
3 0.452344 0.446875 0.035937 0.065625
3 0.235938 0.801562 0.056250 0.062500
3 0.268750 0.785156 0.043750 0.060937
3 0.573438 0.636719 0.043750 0.054688
3 0.567969 0.687500 0.060937 0.065625
3 0.669531 0.725781 0.048438 0.060937
3 0.695313 0.754687 0.056250 0.046875
1 0.760938 0.422656 0.050000 0.089063
1 0.759375 0.484375 0.056250 0.081250
1 0.578906 0.280469 0.060937 0.095312
1 0.242188 0.431250 0.043750 0.109375
1 0.212500 0.612500 0.056250 0.093750
2 0.169531 0.696094 0.042188 0.060937
2 0.144531 0.773438 0.060937 0.059375
2 0.608594 0.472656 0.042188 0.098437
