3 0.327344 0.616406 0.039062 0.051562
1 0.346875 0.364063 0.040625 0.087500
3 0.460938 0.453906 0.028125 0.054688
1 0.205469 0.623437 0.045312 0.090625
3 0.237500 0.804688 0.050000 0.046875
3 0.265625 0.789062 0.043750 0.046875
1 0.750781 0.478906 0.048438 0.089063
1 0.760156 0.428906 0.054688 0.067188
3 0.681250 0.609375 0.037500 0.062500
3 0.685937 0.616406 0.031250 0.070312
3 0.679688 0.728906 0.043750 0.054688
3 0.692188 0.806250 0.046875 0.050000
3 0.307813 0.695312 0.050000 0.062500
3 0.391406 0.459375 0.032812 0.034375
1 0.298438 0.289062 0.056250 0.106250
2 0.421094 0.392188 0.035937 0.075000
2 0.148438 0.657813 0.056250 0.075000
2 0.163281 0.787500 0.045312 0.059375
