1 0.136719 0.525781 0.067188 0.110937
1 0.310938 0.516406 0.053125 0.085938
1 0.350000 0.432812 0.065625 0.112500
1 0.525000 0.344531 0.059375 0.117187
3 0.507031 0.678906 0.067187 0.076563
3 0.519531 0.717187 0.054688 0.096875
3 0.371094 0.601562 0.048438 0.050000
3 0.405469 0.639844 0.042187 0.076563
3 0.302344 0.728906 0.039062 0.042188
3 0.348438 0.714063 0.028125 0.059375
3 0.130469 0.986719 0.042188 0.026562
3 0.163281 0.973437 0.035937 0.053125
3 0.176563 0.858594 0.040625 0.085938
1 0.178125 0.554688 0.053125 0.100000
2 0.179688 0.757812 0.031250 0.081250
2 0.179688 0.717969 0.043750 0.057813
2 0.513281 0.610156 0.042188 0.098437
