1 0.432031 0.449219 0.057813 0.110937
1 0.528125 0.565625 0.062500 0.118750
1 0.335938 0.520312 0.062500 0.103125
1 0.264844 0.729688 0.054688 0.115625
1 0.203906 0.877344 0.073438 0.104688
3 0.180469 0.873437 0.039062 0.071875
3 0.203125 0.857031 0.025000 0.057813
3 0.325781 0.933594 0.039062 0.082812
3 0.365625 0.931250 0.062500 0.075000
3 0.466406 0.964844 0.051562 0.064062
3 0.425781 0.876563 0.042188 0.075000
3 0.471875 0.814844 0.053125 0.073438
2 0.396875 0.668750 0.040625 0.109375
2 0.582813 0.857812 0.034375 0.118750
