3 0.314063 0.561719 0.037500 0.048438
3 0.327344 0.591406 0.039062 0.051562
1 0.340625 0.368750 0.040625 0.087500
3 0.379688 0.452344 0.028125 0.054688
1 0.417187 0.182813 0.034375 0.068750
1 0.205469 0.623437 0.045312 0.090625
3 0.237500 0.804688 0.050000 0.046875
3 0.265625 0.789062 0.043750 0.046875
1 0.422656 0.233594 0.048438 0.082813
1 0.750781 0.478906 0.048438 0.089063
1 0.760156 0.428906 0.054688 0.067188
3 0.681250 0.609375 0.037500 0.062500
3 0.685937 0.616406 0.031250 0.070312
3 0.679688 0.728906 0.043750 0.054688
3 0.692188 0.806250 0.046875 0.050000
3 0.432031 0.610156 0.048438 0.060937
3 0.416406 0.553906 0.042187 0.076563
2 0.288281 0.475781 0.054688 0.060937
2 0.146094 0.775781 0.045312 0.054688
2 0.165625 0.672656 0.040625 0.070312
