3 0.328125 0.437500 0.037500 0.065625
3 0.348438 0.436719 0.034375 0.064062
3 0.235938 0.801562 0.056250 0.062500
3 0.268750 0.785156 0.043750 0.060937
3 0.575781 0.645312 0.045312 0.056250
3 0.557031 0.682813 0.060937 0.065625
3 0.669531 0.725781 0.048438 0.060937
3 0.695313 0.754687 0.056250 0.046875
1 0.775000 0.427344 0.050000 0.089063
1 0.759375 0.484375 0.056250 0.081250
1 0.589063 0.260156 0.059375 0.107813
1 0.280469 0.407813 0.045312 0.068750
1 0.203125 0.621875 0.056250 0.093750
3 0.682813 0.610156 0.037500 0.060937
1 0.335938 0.195313 0.034375 0.050000
2 0.135156 0.770312 0.054688 0.071875
