1 0.306250 0.054688 0.043750 0.087500
1 0.317969 0.477344 0.048438 0.085938
1 0.139063 0.582031 0.056250 0.092188
3 0.211719 0.753125 0.051562 0.053125
3 0.233594 0.793750 0.039062 0.065625
3 0.260156 0.686719 0.042188 0.064062
3 0.342188 0.688281 0.046875 0.064062
1 0.760156 0.401563 0.054688 0.106250
3 0.717188 0.710938 0.053125 0.059375
3 0.704688 0.735938 0.053125 0.059375
3 0.325000 0.346094 0.037500 0.051562
3 0.353906 0.383594 0.057813 0.057813
3 0.650000 0.035938 0.021875 0.043750
3 0.669531 0.052344 0.023438 0.045313
2 0.298438 0.166406 0.040625 0.057813
2 0.322656 0.208594 0.039062 0.060937
2 0.141406 0.778125 0.051562 0.103125
