1 0.024219 0.398438 0.048438 0.071875
1 0.267188 0.485156 0.059375 0.117188
1 0.386719 0.338281 0.054688 0.082813
2 0.352344 0.477344 0.029687 0.101562
6 0.378906 0.426563 0.020313 0.068750
1 0.371875 0.369531 0.034375 0.057813
2 0.242188 0.667969 0.037500 0.095312
2 0.332813 0.681250 0.028125 0.096875
2 0.434375 0.502344 0.021875 0.089063
6 0.447656 0.485938 0.020313 0.056250
3 0.319531 0.834375 0.042188 0.121875
3 0.256250 0.875000 0.050000 0.068750
3 0.441406 0.615625 0.064062 0.053125
3 0.433594 0.576562 0.048438 0.037500
3 0.066406 0.613281 0.045313 0.048438
3 0.344531 0.542188 0.057813 0.034375
3 0.365625 0.589844 0.053125 0.042188
