1 0.292187 0.123438 0.043750 0.087500
1 0.317969 0.477344 0.048438 0.085938
1 0.139063 0.582031 0.056250 0.092188
3 0.211719 0.753125 0.051562 0.053125
3 0.233594 0.793750 0.039062 0.065625
3 0.260156 0.686719 0.042188 0.064062
3 0.342188 0.688281 0.046875 0.064062
1 0.777344 0.406250 0.054688 0.106250
3 0.717188 0.710938 0.053125 0.059375
3 0.704688 0.735938 0.053125 0.059375
3 0.335938 0.336719 0.037500 0.051562
3 0.296094 0.344531 0.048438 0.048438
3 0.647656 0.103906 0.026562 0.045313
3 0.667188 0.064844 0.025000 0.054688
2 0.137500 0.776563 0.056250 0.084375
2 0.261719 0.558594 0.029687 0.082812
2 0.325781 0.264062 0.029687 0.071875
2 0.286719 0.269531 0.026562 0.073438
