1 0.492969 0.400781 0.039062 0.092187
1 0.633594 0.351563 0.039062 0.096875
1 0.735938 0.477344 0.053125 0.082813
1 0.774219 0.460938 0.060937 0.084375
1 0.753125 0.396875 0.053125 0.062500
3 0.604688 0.726562 0.021875 0.068750
3 0.629687 0.700000 0.034375 0.050000
3 0.678125 0.738281 0.046875 0.035937
2 0.732031 0.786719 0.048438 0.070312
3 0.693750 0.763281 0.037500 0.035937
3 0.662500 0.677344 0.037500 0.039062
3 0.667188 0.646094 0.040625 0.035937
3 0.478906 0.753906 0.020313 0.051562
2 0.022656 0.592969 0.026563 0.073438
1 0.018750 0.396875 0.037500 0.090625
