1 0.488281 0.174219 0.054688 0.101563
1 0.310938 0.477344 0.050000 0.085938
1 0.167188 0.582031 0.056250 0.092188
3 0.211719 0.753125 0.051562 0.053125
3 0.233594 0.793750 0.039062 0.065625
3 0.263281 0.691406 0.042188 0.064062
3 0.329688 0.683594 0.021875 0.064062
1 0.763281 0.461719 0.054688 0.107813
3 0.667188 0.704688 0.053125 0.059375
3 0.704688 0.735938 0.053125 0.059375
3 0.480469 0.544531 0.045312 0.064062
3 0.493750 0.507812 0.056250 0.059375
2 0.442188 0.254688 0.028125 0.059375
2 0.534375 0.366406 0.031250 0.079687
2 0.183594 0.692969 0.026562 0.057813
2 0.178125 0.757031 0.046875 0.070312
