1 0.770312 0.440625 0.050000 0.075000
1 0.749219 0.491406 0.051562 0.079688
1 0.294531 0.283594 0.048438 0.079687
1 0.238281 0.520312 0.051562 0.096875
3 0.298438 0.653906 0.018750 0.039062
3 0.314844 0.639844 0.017188 0.035937
3 0.212500 0.972656 0.056250 0.045312
3 0.250781 0.974219 0.035937 0.051562
3 0.691406 0.757812 0.045312 0.031250
3 0.677344 0.687500 0.032813 0.034375
3 0.246094 0.420312 0.014063 0.037500
3 0.730469 0.709375 0.035938 0.034375
1 0.267188 0.186719 0.040625 0.085937
2 0.342188 0.458594 0.028125 0.067187
