1 0.196094 0.629687 0.054688 0.090625
1 0.337500 0.389844 0.043750 0.076563
1 0.668750 0.470313 0.059375 0.125000
1 0.749219 0.431250 0.051562 0.106250
1 0.776563 0.477344 0.053125 0.101562
3 0.189063 0.888281 0.046875 0.051562
3 0.211719 0.859375 0.042188 0.068750
3 0.334375 0.579688 0.031250 0.056250
3 0.401562 0.578125 0.034375 0.062500
3 0.650781 0.900000 0.045312 0.068750
3 0.691406 0.885156 0.042188 0.070312
3 0.709375 0.713281 0.037500 0.051563
3 0.750000 0.778906 0.046875 0.054687
3 0.730469 0.767969 0.023438 0.042188
2 0.164844 0.722656 0.029687 0.060937
