1 0.310937 0.184375 0.043750 0.087500
1 0.309375 0.478906 0.050000 0.085938
1 0.221094 0.600781 0.057813 0.092188
3 0.262500 0.797656 0.050000 0.051562
3 0.240625 0.812500 0.040625 0.065625
3 0.342188 0.688281 0.046875 0.064062
1 0.769531 0.419531 0.054688 0.107813
3 0.688281 0.625781 0.054688 0.076563
3 0.721875 0.689844 0.053125 0.057813
3 0.331250 0.340625 0.037500 0.053125
3 0.292969 0.331250 0.048438 0.050000
3 0.613281 0.457031 0.032813 0.045312
3 0.637500 0.485156 0.025000 0.054688
1 0.629687 0.132813 0.037500 0.087500
2 0.298438 0.310156 0.021875 0.054688
2 0.318750 0.315625 0.021875 0.065625
2 0.193750 0.638281 0.018750 0.035937
