1 0.036719 0.419531 0.054688 0.085938
1 0.280469 0.425000 0.051562 0.084375
1 0.614844 0.285156 0.051562 0.104688
1 0.437500 0.554688 0.059375 0.100000
1 0.125000 0.379688 0.062500 0.109375
1 0.467187 0.370313 0.056250 0.128125
1 0.750781 0.388281 0.057813 0.104688
1 0.444531 0.432031 0.057813 0.089062
1 0.762500 0.460156 0.059375 0.092188
3 0.566406 0.688281 0.064062 0.067187
3 0.457813 0.857031 0.056250 0.082812
3 0.620313 0.697656 0.046875 0.082812
2 0.165625 0.596875 0.034375 0.081250
2 0.082813 0.593750 0.040625 0.103125
3 0.053906 0.661719 0.048438 0.073438
3 0.046094 0.610938 0.035938 0.056250
2 0.077344 0.609375 0.032813 0.081250
3 0.092969 0.778125 0.048438 0.043750
3 0.145313 0.785937 0.040625 0.068750
3 0.292969 0.639062 0.035937 0.053125
3 0.510156 0.744531 0.039063 0.098437
3 0.664844 0.671875 0.048438 0.059375
3 0.702344 0.726563 0.051563 0.059375
3 0.666406 0.642188 0.045312 0.046875
3 0.229688 0.635156 0.034375 0.057813
2 0.731250 0.786719 0.050000 0.098437
