1 0.047656 0.433594 0.054688 0.085938
1 0.228906 0.439844 0.051562 0.085938
1 0.594531 0.292188 0.051562 0.103125
1 0.454688 0.598437 0.059375 0.100000
1 0.238281 0.620313 0.064062 0.109375
1 0.403125 0.749219 0.056250 0.126562
1 0.750781 0.388281 0.057813 0.104688
1 0.750781 0.500000 0.057813 0.087500
1 0.762500 0.460156 0.059375 0.092188
3 0.673438 0.752344 0.050000 0.048438
3 0.698438 0.760156 0.050000 0.054688
3 0.607031 0.660937 0.051562 0.075000
3 0.575000 0.685937 0.034375 0.071875
2 0.287500 0.861719 0.040625 0.104688
2 0.184375 0.803906 0.040625 0.082812
3 0.053906 0.661719 0.048438 0.073438
3 0.046094 0.610938 0.035938 0.056250
2 0.077344 0.609375 0.032813 0.081250
2 0.733594 0.790625 0.054688 0.103125
