2 0.385156 0.347656 0.029687 0.060937
1 0.335156 0.260156 0.042188 0.070312
1 0.314063 0.307031 0.053125 0.095312
1 0.300000 0.390625 0.046875 0.090625
2 0.254688 0.534375 0.053125 0.062500
3 0.318750 0.686719 0.046875 0.073438
3 0.358594 0.710156 0.054688 0.067187
1 0.156250 0.548438 0.059375 0.096875
1 0.645312 0.338281 0.050000 0.095312
1 0.672656 0.279688 0.045312 0.100000
1 0.768750 0.428906 0.053125 0.085938
3 0.678906 0.666406 0.051562 0.054688
3 0.710156 0.691406 0.060937 0.064063
3 0.600000 0.731250 0.050000 0.053125
3 0.638281 0.716406 0.032813 0.064062
3 0.664844 0.648438 0.035937 0.078125
3 0.628906 0.622656 0.039062 0.073438
