1 0.772656 0.438281 0.051562 0.079688
1 0.751563 0.497656 0.056250 0.085938
1 0.282031 0.195313 0.035937 0.062500
1 0.289844 0.282813 0.048438 0.078125
1 0.188281 0.524219 0.051563 0.095312
3 0.286719 0.658594 0.039062 0.039062
3 0.315625 0.638281 0.025000 0.042188
3 0.191406 0.981250 0.042187 0.037500
3 0.232031 0.942969 0.035937 0.048438
3 0.691406 0.757812 0.045312 0.031250
3 0.677344 0.687500 0.032813 0.034375
2 0.260156 0.495312 0.035937 0.087500
3 0.247656 0.423438 0.014063 0.031250
3 0.730469 0.709375 0.035938 0.034375
1 0.316406 0.187500 0.048438 0.087500
2 0.346875 0.465625 0.031250 0.068750
1 0.369531 0.371094 0.001563 0.001563
