1 0.235937 0.298438 0.059375 0.084375
3 0.214844 0.687500 0.048438 0.068750
3 0.233594 0.628125 0.032813 0.053125
3 0.594531 0.728906 0.035938 0.098437
3 0.634375 0.715625 0.056250 0.075000
7 0.703906 0.812500 0.051562 0.053125
7 0.713281 0.775000 0.045312 0.043750
3 0.715625 0.748438 0.053125 0.046875
1 0.645312 0.308594 0.050000 0.126562
1 0.737500 0.349219 0.056250 0.095312
5 0.719531 0.427344 0.042188 0.095313
3 0.053125 0.626563 0.050000 0.056250
2 0.282031 0.488281 0.045312 0.067187
2 0.175781 0.452344 0.035937 0.070312
2 0.058594 0.471875 0.045313 0.087500
2 0.617969 0.399219 0.042188 0.089062
