1 0.193750 0.636719 0.056250 0.101562
3 0.188281 0.894531 0.057813 0.067187
3 0.208594 0.858594 0.035937 0.070312
3 0.332813 0.567187 0.040625 0.068750
3 0.400000 0.576562 0.034375 0.065625
1 0.341406 0.391406 0.048438 0.067187
1 0.764062 0.434375 0.056250 0.078125
1 0.772656 0.479688 0.057813 0.075000
1 0.816406 0.498438 0.048438 0.121875
3 0.685156 0.666406 0.051562 0.054688
3 0.702344 0.702344 0.042188 0.051562
3 0.767188 0.734375 0.031250 0.062500
3 0.746094 0.772656 0.042188 0.064062
3 0.778906 0.936719 0.054687 0.070312
3 0.814063 0.914062 0.053125 0.059375
2 0.171094 0.730469 0.032813 0.051562
