1 0.136719 0.525781 0.067188 0.110937
1 0.320313 0.516406 0.053125 0.085938
1 0.376563 0.235938 0.065625 0.112500
1 0.525000 0.344531 0.059375 0.117187
3 0.507031 0.678906 0.067187 0.076563
3 0.519531 0.717187 0.054688 0.096875
3 0.388281 0.584375 0.048437 0.050000
3 0.421094 0.616406 0.042188 0.076563
3 0.311719 0.730469 0.039062 0.042188
3 0.348438 0.714063 0.028125 0.059375
3 0.130469 0.986719 0.042188 0.026562
3 0.163281 0.973437 0.035937 0.053125
3 0.182031 0.871094 0.042188 0.085938
2 0.184375 0.766406 0.028125 0.076563
2 0.361719 0.372656 0.029688 0.054688
2 0.510938 0.610938 0.046875 0.106250
