1 0.055469 0.438281 0.051563 0.079687
3 0.057031 0.658594 0.054688 0.064062
3 0.053125 0.615625 0.043750 0.062500
3 0.231250 0.635156 0.037500 0.057813
3 0.285938 0.635156 0.040625 0.057813
1 0.253906 0.432031 0.042188 0.076563
1 0.741406 0.406250 0.054688 0.103125
1 0.762500 0.468750 0.056250 0.071875
1 0.763281 0.522656 0.048438 0.085938
3 0.667969 0.669531 0.051562 0.067187
3 0.676562 0.661719 0.056250 0.067187
7 0.696094 0.772656 0.048438 0.057813
3 0.696875 0.719531 0.031250 0.039062
2 0.078906 0.612500 0.032813 0.078125
