1 0.193750 0.432812 0.059375 0.100000
3 0.216406 0.600000 0.048438 0.068750
3 0.190625 0.592969 0.046875 0.064062
3 0.625000 0.748437 0.062500 0.075000
3 0.568750 0.752344 0.056250 0.073438
7 0.703906 0.812500 0.051562 0.053125
7 0.713281 0.775000 0.045312 0.043750
3 0.715625 0.748438 0.053125 0.046875
1 0.598437 0.327344 0.050000 0.110937
1 0.682031 0.408594 0.054688 0.095312
5 0.716406 0.435156 0.042188 0.095313
1 0.012500 0.402344 0.025000 0.092188
3 0.053125 0.626563 0.053125 0.059375
2 0.235938 0.486719 0.040625 0.070312
2 0.195313 0.553906 0.040625 0.085938
