1 0.450000 0.082813 0.062500 0.093750
1 0.477344 0.103125 0.045312 0.075000
1 0.178906 0.282031 0.057812 0.082812
1 0.307031 0.367969 0.067188 0.092188
1 0.111719 0.519531 0.054688 0.092188
5 0.341406 0.460156 0.057813 0.064062
3 0.152344 0.800000 0.057813 0.059375
2 0.154688 0.675781 0.043750 0.054688
3 0.175781 0.708594 0.048438 0.076563
3 0.253906 0.635938 0.045312 0.059375
3 0.170313 0.618750 0.043750 0.037500
3 0.296094 0.676562 0.045312 0.046875
3 0.470313 0.472656 0.043750 0.051562
6 0.484375 0.285156 0.025000 0.076563
2 0.184375 0.425000 0.046875 0.075000
2 0.307813 0.608594 0.031250 0.076563
2 0.297656 0.514844 0.032813 0.060937
3 0.263281 0.568750 0.035937 0.037500
3 0.495312 0.460938 0.021875 0.053125
3 0.281250 0.601562 0.018750 0.021875
6 0.428906 0.230469 0.032813 0.073438
3 0.437500 0.415625 0.028125 0.065625
2 0.153906 0.519531 0.035937 0.048438
2 0.481250 0.345313 0.028125 0.056250
2 0.247656 0.438281 0.042188 0.067187
6 0.295313 0.554688 0.046875 0.037500
