1 0.770312 0.440625 0.050000 0.075000
1 0.741406 0.496094 0.051562 0.079688
1 0.285938 0.294531 0.050000 0.089063
1 0.235156 0.547656 0.051562 0.095312
3 0.292188 0.657031 0.031250 0.032813
3 0.314844 0.639844 0.017188 0.035937
3 0.229688 0.994531 0.043750 0.010937
3 0.278906 0.973437 0.035937 0.053125
3 0.691406 0.757812 0.045312 0.031250
3 0.677344 0.687500 0.032813 0.034375
3 0.730469 0.709375 0.035938 0.034375
1 0.257031 0.192188 0.042188 0.081250
2 0.346094 0.454688 0.029687 0.075000
2 0.254688 0.498437 0.034375 0.068750
