1 0.766406 0.417969 0.048438 0.073438
1 0.758594 0.487500 0.054688 0.093750
1 0.325000 0.379688 0.043750 0.087500
1 0.216406 0.609375 0.054688 0.115625
3 0.240625 0.807813 0.040625 0.043750
3 0.274219 0.792188 0.029687 0.031250
7 0.688281 0.753125 0.048438 0.037500
7 0.672656 0.732031 0.054688 0.048438
3 0.461719 0.455469 0.029687 0.039062
3 0.332031 0.597656 0.035937 0.057813
3 0.310938 0.558594 0.037500 0.042188
1 0.196875 0.271094 0.053125 0.082812
3 0.682813 0.621875 0.028125 0.059375
2 0.284375 0.480469 0.040625 0.054688
6 0.153906 0.790625 0.048438 0.053125
6 0.168750 0.647656 0.037500 0.039062
