1 0.242969 0.432031 0.045312 0.067187
1 0.237500 0.588281 0.059375 0.110937
3 0.192188 0.683594 0.040625 0.042188
3 0.237500 0.807031 0.046875 0.060937
3 0.271875 0.792188 0.034375 0.043750
3 0.686719 0.624219 0.048438 0.079687
3 0.677344 0.749219 0.060938 0.064062
3 0.702344 0.759375 0.035937 0.046875
1 0.754687 0.423438 0.056250 0.100000
1 0.759375 0.474219 0.059375 0.095312
3 0.727344 0.694531 0.029687 0.039063
1 0.483594 0.342188 0.054688 0.103125
3 0.498438 0.688281 0.043750 0.076563
3 0.477344 0.737500 0.057813 0.068750
2 0.149219 0.761719 0.060937 0.082812
