3 0.520312 0.665625 0.046875 0.046875
3 0.482812 0.662500 0.031250 0.043750
3 0.412500 0.577344 0.021875 0.045312
3 0.438281 0.600000 0.048438 0.056250
1 0.460156 0.425781 0.048438 0.085937
3 0.763281 0.855469 0.039062 0.070312
3 0.697656 0.923438 0.042188 0.043750
5 0.792969 0.585938 0.035937 0.075000
5 0.733594 0.590625 0.045312 0.090625
1 0.805469 0.500000 0.045312 0.100000
3 0.783594 0.918750 0.039062 0.062500
1 0.556250 0.391406 0.056250 0.073437
1 0.814844 0.789063 0.048437 0.106250
2 0.521094 0.507812 0.035937 0.050000
2 0.467969 0.473438 0.029687 0.040625
2 0.478906 0.518750 0.020313 0.028125
