1 0.271094 0.446875 0.048438 0.084375
1 0.226563 0.599219 0.059375 0.110937
3 0.207813 0.674219 0.040625 0.042188
3 0.237500 0.807031 0.046875 0.060937
3 0.271875 0.792188 0.034375 0.043750
3 0.686719 0.624219 0.048438 0.079687
3 0.677344 0.749219 0.060938 0.064062
3 0.702344 0.759375 0.035937 0.046875
1 0.765625 0.420313 0.056250 0.100000
1 0.759375 0.474219 0.059375 0.095312
3 0.727344 0.694531 0.029687 0.039063
1 0.421094 0.398438 0.057813 0.103125
3 0.473438 0.775781 0.050000 0.089063
3 0.420313 0.788281 0.056250 0.067187
2 0.146094 0.769531 0.060937 0.070312
2 0.399219 0.481250 0.042187 0.068750
2 0.423438 0.583594 0.056250 0.073438
