1 0.095313 0.630469 0.062500 0.101562
2 0.095313 0.814844 0.050000 0.092188
2 0.330469 0.780469 0.039062 0.073438
1 0.207031 0.439063 0.060938 0.109375
1 0.275781 0.560156 0.054688 0.101562
1 0.335156 0.260156 0.057813 0.060938
1 0.770312 0.432031 0.056250 0.098438
1 0.776563 0.465625 0.053125 0.093750
3 0.671875 0.660156 0.056250 0.067187
3 0.728906 0.776563 0.057813 0.062500
3 0.077344 0.919531 0.051563 0.064062
3 0.699219 0.695312 0.045312 0.056250
2 0.387500 0.357031 0.031250 0.064062
2 0.253906 0.839063 0.032813 0.081250
3 0.349219 0.437500 0.042188 0.043750
3 0.228906 0.859375 0.026562 0.084375
2 0.192188 0.628906 0.028125 0.067187
2 0.253125 0.648438 0.031250 0.078125
