1 0.445312 0.068750 0.062500 0.093750
1 0.458594 0.093750 0.045312 0.075000
1 0.183594 0.289844 0.057812 0.082812
1 0.319531 0.382031 0.060938 0.082812
1 0.102344 0.519531 0.054688 0.092188
5 0.341406 0.461719 0.057813 0.064062
3 0.150781 0.806250 0.057813 0.059375
2 0.148438 0.680469 0.043750 0.054688
3 0.172656 0.703125 0.035937 0.078125
3 0.253906 0.635938 0.045312 0.059375
3 0.170313 0.618750 0.043750 0.037500
3 0.296094 0.676562 0.045312 0.046875
3 0.470313 0.472656 0.043750 0.051562
3 0.450000 0.440625 0.037500 0.037500
6 0.440625 0.289063 0.021875 0.071875
2 0.203906 0.431250 0.045313 0.075000
2 0.307813 0.608594 0.031250 0.076563
2 0.291406 0.542969 0.032813 0.060937
3 0.263281 0.568750 0.035937 0.037500
2 0.262500 0.499219 0.031250 0.054688
3 0.485156 0.417969 0.020313 0.048437
3 0.281250 0.601562 0.018750 0.021875
6 0.414844 0.240625 0.020313 0.090625
3 0.439063 0.390625 0.028125 0.065625
2 0.153906 0.541406 0.039063 0.073438
2 0.435156 0.340625 0.032813 0.059375
6 0.290625 0.553125 0.031250 0.034375
