1 0.431250 0.100000 0.062500 0.093750
1 0.478125 0.101563 0.050000 0.084375
1 0.182813 0.277344 0.056250 0.082812
1 0.289844 0.386719 0.067188 0.092188
1 0.111719 0.519531 0.054688 0.092188
5 0.345313 0.457031 0.059375 0.064062
3 0.152344 0.800000 0.057813 0.059375
2 0.154688 0.675781 0.043750 0.054688
3 0.175781 0.708594 0.048438 0.076563
3 0.253906 0.635938 0.045312 0.059375
3 0.170313 0.618750 0.043750 0.037500
3 0.296094 0.676562 0.045312 0.046875
3 0.470313 0.472656 0.043750 0.051562
6 0.485938 0.283594 0.025000 0.076563
2 0.192188 0.438281 0.056250 0.082812
2 0.307813 0.608594 0.031250 0.076563
2 0.288281 0.510156 0.035937 0.060937
3 0.263281 0.568750 0.035937 0.037500
3 0.495312 0.460938 0.021875 0.053125
3 0.281250 0.601562 0.018750 0.021875
6 0.418750 0.250000 0.031250 0.075000
3 0.437500 0.415625 0.028125 0.065625
2 0.152344 0.586719 0.035937 0.048438
2 0.487500 0.342188 0.028125 0.056250
2 0.254688 0.483594 0.043750 0.067187
6 0.295313 0.554688 0.046875 0.037500
6 0.463281 0.256250 0.017188 0.071875
