1 0.203125 0.618750 0.053125 0.100000
1 0.340625 0.374219 0.053125 0.076563
1 0.246875 0.191406 0.034375 0.057812
3 0.315625 0.558594 0.040625 0.039062
3 0.331250 0.598437 0.043750 0.053125
3 0.238281 0.804688 0.051562 0.040625
7 0.671875 0.725000 0.050000 0.071875
7 0.687500 0.742969 0.046875 0.060937
3 0.688281 0.614062 0.042188 0.075000
3 0.725781 0.688281 0.029687 0.042188
1 0.753906 0.471094 0.051562 0.092188
1 0.763281 0.427344 0.060937 0.085938
1 0.175781 0.257031 0.045312 0.098437
3 0.274219 0.428125 0.042188 0.043750
3 0.291406 0.421094 0.020313 0.042188
2 0.228906 0.353906 0.029688 0.067187
2 0.183594 0.412500 0.032813 0.059375
2 0.292188 0.498437 0.040625 0.056250
2 0.146875 0.770312 0.050000 0.071875
3 0.264063 0.798438 0.043750 0.050000
