1 0.556250 0.192188 0.053125 0.103125
1 0.232813 0.189844 0.031250 0.039062
1 0.266406 0.360938 0.045313 0.096875
3 0.292969 0.537500 0.039062 0.068750
3 0.312500 0.565625 0.031250 0.059375
3 0.229688 0.840625 0.050000 0.046875
3 0.260938 0.805469 0.034375 0.060937
1 0.162500 0.566406 0.056250 0.101562
1 0.748437 0.489844 0.046875 0.101563
1 0.773438 0.428125 0.053125 0.096875
3 0.675000 0.635938 0.043750 0.068750
3 0.725781 0.689844 0.039062 0.051563
7 0.672656 0.726562 0.045313 0.059375
7 0.687500 0.743750 0.046875 0.062500
3 0.543750 0.558594 0.050000 0.079687
3 0.557031 0.595313 0.064062 0.065625
2 0.293750 0.416406 0.043750 0.042188
2 0.293750 0.403906 0.028125 0.067187
2 0.142969 0.765625 0.029687 0.040625
2 0.185938 0.685937 0.034375 0.062500
2 0.522656 0.400781 0.029687 0.076562
2 0.591406 0.367969 0.032813 0.070312
