1 0.770312 0.429688 0.053125 0.090625
1 0.773438 0.475000 0.050000 0.093750
3 0.676562 0.668750 0.059375 0.071875
3 0.713281 0.700000 0.060938 0.056250
3 0.727344 0.775000 0.045312 0.053125
3 0.351563 0.792188 0.056250 0.068750
3 0.365625 0.767188 0.046875 0.062500
1 0.373438 0.341406 0.046875 0.095313
1 0.333594 0.253906 0.042188 0.070312
1 0.241406 0.371875 0.042188 0.100000
3 0.204688 0.616406 0.043750 0.054688
1 0.082813 0.544531 0.062500 0.114062
1 0.076563 0.642969 0.062500 0.095312
3 0.111719 0.864844 0.054687 0.051562
3 0.135938 0.843750 0.043750 0.043750
3 0.109375 0.907031 0.065625 0.054688
2 0.099219 0.733594 0.032813 0.070312
2 0.224219 0.537500 0.029687 0.053125
2 0.376563 0.597656 0.034375 0.064062
