1 0.533594 0.338281 0.057813 0.110937
1 0.492188 0.483594 0.062500 0.117188
1 0.404687 0.403125 0.062500 0.103125
1 0.264844 0.729688 0.054688 0.115625
3 0.180469 0.873437 0.039062 0.071875
1 0.200781 0.868750 0.057813 0.112500
3 0.203125 0.857031 0.025000 0.057813
3 0.405469 0.764062 0.042188 0.071875
3 0.385156 0.793750 0.060938 0.075000
3 0.507031 0.909375 0.054688 0.059375
3 0.455469 0.941406 0.064062 0.067187
3 0.544531 0.768750 0.032813 0.084375
3 0.523438 0.750781 0.021875 0.073438
2 0.420313 0.724219 0.040625 0.107813
