1 0.268750 0.214844 0.053125 0.101562
1 0.305469 0.483594 0.048438 0.085938
1 0.182813 0.602344 0.056250 0.092188
3 0.211719 0.753125 0.051562 0.053125
3 0.233594 0.793750 0.039062 0.065625
3 0.260156 0.686719 0.042188 0.064062
3 0.329688 0.683594 0.021875 0.064062
3 0.277344 0.509375 0.032813 0.046875
1 0.763281 0.461719 0.054688 0.107813
3 0.667188 0.704688 0.053125 0.059375
3 0.704688 0.735938 0.053125 0.059375
2 0.250781 0.425000 0.042188 0.071875
2 0.205469 0.713281 0.032813 0.067187
2 0.164844 0.668750 0.045312 0.068750
