1 0.441406 0.232031 0.054688 0.101563
1 0.296094 0.482031 0.048438 0.085938
1 0.182813 0.602344 0.056250 0.092188
3 0.211719 0.753125 0.051562 0.053125
3 0.233594 0.793750 0.039062 0.065625
3 0.260156 0.686719 0.042188 0.064062
3 0.329688 0.683594 0.021875 0.064062
1 0.763281 0.461719 0.054688 0.107813
3 0.667188 0.704688 0.053125 0.059375
3 0.704688 0.735938 0.053125 0.059375
3 0.421875 0.595313 0.053125 0.071875
3 0.457813 0.582812 0.056250 0.059375
2 0.435937 0.465625 0.040625 0.103125
2 0.183594 0.691406 0.023438 0.067187
2 0.203125 0.724219 0.025000 0.076563
