1 0.251563 0.196094 0.037500 0.048437
1 0.331250 0.369531 0.046875 0.089063
1 0.216406 0.401562 0.054688 0.096875
3 0.210938 0.424219 0.028125 0.045312
2 0.285156 0.482031 0.057813 0.060937
2 0.277344 0.448437 0.042188 0.056250
3 0.282813 0.431250 0.034375 0.046875
3 0.300000 0.557813 0.040625 0.037500
3 0.327344 0.585156 0.039062 0.042188
3 0.240625 0.789062 0.059375 0.059375
3 0.248438 0.803125 0.053125 0.062500
7 0.668750 0.725781 0.056250 0.051562
7 0.685156 0.749219 0.054688 0.032813
3 0.678906 0.642969 0.042188 0.076563
3 0.721094 0.685938 0.042188 0.046875
1 0.771094 0.425000 0.051562 0.081250
1 0.759375 0.485156 0.046875 0.089063
3 0.139844 0.447656 0.045312 0.045312
1 0.183594 0.245312 0.054687 0.087500
2 0.184375 0.396875 0.028125 0.065625
2 0.238281 0.650000 0.051562 0.096875
