1 0.251563 0.196094 0.037500 0.048437
1 0.324219 0.369531 0.048438 0.089063
1 0.233594 0.403125 0.054688 0.096875
3 0.210938 0.424219 0.028125 0.045312
3 0.282813 0.431250 0.034375 0.046875
3 0.300000 0.557813 0.040625 0.037500
3 0.327344 0.585156 0.039062 0.042188
3 0.153125 0.746094 0.059375 0.060937
3 0.253125 0.821875 0.053125 0.062500
7 0.668750 0.725781 0.056250 0.051562
7 0.685156 0.749219 0.054688 0.032813
3 0.678906 0.642969 0.042188 0.076563
3 0.721094 0.685938 0.042188 0.046875
1 0.771094 0.425000 0.051562 0.081250
1 0.759375 0.485156 0.046875 0.089063
2 0.257813 0.675781 0.040625 0.104688
