1 0.466406 0.444531 0.057813 0.110937
1 0.571875 0.577344 0.062500 0.117188
1 0.335938 0.520312 0.062500 0.103125
1 0.264844 0.729688 0.054688 0.115625
1 0.203906 0.877344 0.073438 0.104688
3 0.180469 0.873437 0.039062 0.071875
3 0.203125 0.857031 0.025000 0.057813
3 0.325781 0.933594 0.039062 0.082812
3 0.363281 0.924219 0.060937 0.073438
3 0.501563 0.966406 0.081250 0.067187
3 0.428906 0.878125 0.045312 0.090625
3 0.500781 0.869531 0.054688 0.085938
2 0.414063 0.664062 0.053125 0.125000
2 0.558594 0.885156 0.051562 0.114062
