1 0.036719 0.411719 0.051562 0.079687
3 0.057031 0.658594 0.054688 0.064062
3 0.053125 0.615625 0.043750 0.062500
3 0.240625 0.644531 0.037500 0.057813
3 0.287500 0.644531 0.040625 0.057813
1 0.257813 0.440625 0.046875 0.078125
1 0.739844 0.409375 0.054688 0.103125
1 0.767969 0.446875 0.057813 0.071875
1 0.758594 0.496094 0.048438 0.085938
3 0.675781 0.661719 0.051562 0.067187
3 0.679688 0.714844 0.056250 0.067187
7 0.696094 0.772656 0.048438 0.057813
2 0.075000 0.610938 0.031250 0.078125
2 0.221875 0.514062 0.034375 0.081250
