1 0.238281 0.419531 0.045312 0.067187
1 0.225000 0.602344 0.059375 0.110937
3 0.189844 0.680469 0.042188 0.042188
3 0.237500 0.807031 0.046875 0.060937
3 0.262500 0.787500 0.025000 0.043750
3 0.686719 0.624219 0.048438 0.079687
3 0.677344 0.749219 0.060938 0.064062
3 0.702344 0.759375 0.035937 0.046875
1 0.754687 0.423438 0.056250 0.100000
1 0.759375 0.474219 0.059375 0.095312
3 0.727344 0.694531 0.029687 0.039063
3 0.518750 0.556250 0.046875 0.071875
1 0.528125 0.184375 0.040625 0.103125
2 0.139063 0.770312 0.059375 0.081250
