1 0.055469 0.438281 0.051563 0.079687
3 0.057031 0.658594 0.054688 0.064062
3 0.053125 0.615625 0.043750 0.062500
2 0.223438 0.614062 0.034375 0.081250
3 0.231250 0.635156 0.037500 0.057813
3 0.287500 0.644531 0.040625 0.057813
1 0.269531 0.442188 0.042188 0.078125
1 0.739844 0.409375 0.054688 0.103125
1 0.767188 0.457813 0.056250 0.071875
1 0.758594 0.496094 0.048438 0.085938
3 0.667969 0.669531 0.051562 0.067187
3 0.676562 0.661719 0.056250 0.067187
7 0.696094 0.772656 0.048438 0.057813
3 0.696875 0.719531 0.031250 0.039062
2 0.072656 0.611719 0.032813 0.079687
