1 0.145313 0.507031 0.062500 0.110937
1 0.257031 0.446875 0.054688 0.103125
1 0.300781 0.385937 0.051563 0.087500
1 0.350000 0.350000 0.053125 0.103125
1 0.331250 0.253125 0.040625 0.075000
2 0.390625 0.535156 0.028125 0.085938
3 0.351563 0.749219 0.056250 0.070312
3 0.380469 0.733594 0.054688 0.070312
3 0.271094 0.874219 0.054688 0.070312
3 0.264844 0.845313 0.060937 0.081250
3 0.146875 0.937500 0.053125 0.068750
3 0.177344 0.890625 0.039063 0.071875
3 0.658594 0.618750 0.057813 0.056250
3 0.675000 0.660156 0.046875 0.054688
3 0.708594 0.696094 0.048438 0.060938
1 0.771094 0.428125 0.054688 0.093750
1 0.696875 0.264063 0.050000 0.100000
2 0.332031 0.585156 0.042188 0.073438
2 0.243750 0.700781 0.034375 0.089063
