1 0.198438 0.626563 0.053125 0.090625
1 0.337500 0.389844 0.043750 0.076563
1 0.774219 0.433594 0.057813 0.092188
1 0.900000 0.485938 0.056250 0.106250
1 0.776563 0.472656 0.053125 0.092188
3 0.189063 0.888281 0.046875 0.051562
3 0.211719 0.859375 0.042188 0.068750
3 0.334375 0.579688 0.031250 0.056250
3 0.401562 0.578125 0.034375 0.062500
3 0.852344 0.943750 0.060937 0.065625
3 0.896094 0.924219 0.054688 0.070312
3 0.702344 0.708594 0.042188 0.051562
3 0.685156 0.673438 0.045312 0.050000
3 0.747656 0.773438 0.042188 0.068750
2 0.166406 0.730469 0.029687 0.048438
