1 0.770312 0.440625 0.050000 0.075000
1 0.749219 0.491406 0.051562 0.079688
1 0.287500 0.289844 0.046875 0.079687
1 0.242969 0.550000 0.051562 0.096875
3 0.292188 0.657031 0.031250 0.032813
3 0.314844 0.639844 0.017188 0.035937
3 0.229688 0.994531 0.043750 0.010937
3 0.270313 0.996094 0.021875 0.007812
3 0.691406 0.757812 0.045312 0.031250
3 0.677344 0.687500 0.032813 0.034375
3 0.730469 0.709375 0.035938 0.034375
1 0.260156 0.178125 0.042188 0.081250
2 0.342969 0.460156 0.026562 0.070312
2 0.259375 0.486719 0.040625 0.064062
