1 0.752344 0.497656 0.054688 0.092188
1 0.760938 0.457031 0.056250 0.070312
1 0.752344 0.400000 0.051562 0.100000
1 0.551562 0.260156 0.056250 0.104688
1 0.264063 0.433594 0.053125 0.095312
1 0.043750 0.432031 0.050000 0.104688
7 0.671094 0.753906 0.045312 0.042188
7 0.692188 0.769531 0.050000 0.057813
3 0.664844 0.674219 0.054688 0.051562
3 0.667969 0.639062 0.048438 0.050000
3 0.548438 0.667188 0.040625 0.059375
3 0.519531 0.639062 0.032813 0.056250
3 0.296094 0.639062 0.029687 0.037500
3 0.228125 0.638281 0.021875 0.060937
3 0.050781 0.658594 0.032813 0.048438
