1 0.412500 0.425781 0.056250 0.110937
1 0.490625 0.503125 0.062500 0.118750
1 0.350000 0.527344 0.062500 0.104688
1 0.264844 0.729688 0.054688 0.115625
1 0.202344 0.869531 0.073438 0.104688
3 0.180469 0.873437 0.039062 0.071875
3 0.203125 0.857031 0.025000 0.057813
3 0.325781 0.933594 0.039062 0.082812
3 0.365625 0.931250 0.062500 0.075000
3 0.471094 0.894531 0.060937 0.073438
3 0.443750 0.867188 0.040625 0.059375
3 0.351563 0.841406 0.031250 0.060937
3 0.422656 0.868750 0.045312 0.071875
2 0.507813 0.753906 0.050000 0.107813
