1 0.770312 0.440625 0.050000 0.075000
1 0.750781 0.489063 0.051562 0.078125
1 0.294531 0.283594 0.048438 0.079687
1 0.228906 0.522656 0.051562 0.095312
3 0.289844 0.656250 0.035937 0.043750
3 0.315625 0.638281 0.025000 0.042188
3 0.192188 0.981250 0.043750 0.037500
3 0.251563 0.971875 0.034375 0.053125
3 0.691406 0.757812 0.045312 0.031250
3 0.677344 0.687500 0.032813 0.034375
2 0.260156 0.495312 0.029687 0.068750
3 0.247656 0.423438 0.014063 0.031250
3 0.730469 0.709375 0.035938 0.034375
1 0.276562 0.190625 0.034375 0.040625
1 0.302344 0.186719 0.042188 0.070312
2 0.342188 0.460938 0.025000 0.050000
