1 0.612500 0.206250 0.053125 0.103125
1 0.232813 0.189844 0.031250 0.039062
1 0.266406 0.360938 0.045313 0.096875
3 0.292969 0.537500 0.039062 0.068750
3 0.312500 0.565625 0.031250 0.059375
3 0.178125 0.844531 0.065625 0.054688
3 0.214063 0.794531 0.034375 0.060937
1 0.135938 0.579688 0.056250 0.100000
1 0.754687 0.477344 0.046875 0.101562
1 0.773438 0.428125 0.053125 0.096875
3 0.675000 0.635938 0.043750 0.068750
3 0.725781 0.689844 0.039062 0.051563
7 0.672656 0.726562 0.045313 0.059375
7 0.687500 0.743750 0.046875 0.062500
3 0.617188 0.588281 0.050000 0.079687
3 0.621094 0.618750 0.064062 0.065625
2 0.291406 0.426563 0.042188 0.078125
2 0.648438 0.164063 0.037500 0.053125
2 0.103125 0.769531 0.046875 0.051562
2 0.158594 0.719531 0.035937 0.085938
