2 0.265625 0.763281 0.046875 0.104688
3 0.169531 0.960156 0.048438 0.079687
3 0.218750 0.971094 0.050000 0.057813
1 0.207813 0.521094 0.056250 0.095312
1 0.318750 0.384375 0.053125 0.087500
1 0.339062 0.268750 0.046875 0.090625
2 0.400000 0.360156 0.037500 0.082812
2 0.300000 0.470313 0.056250 0.062500
2 0.275000 0.494531 0.046875 0.067187
1 0.514062 0.573438 0.059375 0.115625
2 0.506250 0.837500 0.053125 0.121875
2 0.553906 0.759375 0.051563 0.125000
1 0.693750 0.264844 0.056250 0.104688
1 0.767188 0.428125 0.056250 0.087500
3 0.660937 0.622656 0.056250 0.070312
3 0.680469 0.664062 0.042188 0.059375
3 0.706250 0.694531 0.056250 0.064063
3 0.486719 0.955469 0.045312 0.070312
3 0.317969 0.602344 0.051562 0.057813
3 0.314844 0.568750 0.057813 0.031250
