1 0.039844 0.411719 0.054688 0.085938
1 0.083594 0.533594 0.067188 0.104688
1 0.268750 0.337500 0.056250 0.096875
1 0.352344 0.390625 0.060938 0.100000
1 0.490625 0.246094 0.068750 0.117188
1 0.770312 0.457813 0.093750 0.068750
1 0.749219 0.392188 0.070312 0.078125
1 0.303906 0.782031 0.082812 0.098437
3 0.489844 0.616406 0.039062 0.057813
3 0.478125 0.639062 0.053125 0.103125
3 0.674219 0.679688 0.064063 0.093750
3 0.089844 0.782813 0.060937 0.087500
2 0.353125 0.938281 0.040625 0.098437
3 0.027344 0.632812 0.054688 0.103125
2 0.071875 0.618750 0.034375 0.078125
3 0.271094 0.710938 0.082812 0.090625
2 0.731250 0.793750 0.059375 0.103125
