1 0.401562 0.092188 0.062500 0.093750
1 0.383594 0.293750 0.045312 0.075000
1 0.190625 0.274219 0.046875 0.082812
1 0.321094 0.400781 0.060938 0.082812
1 0.075781 0.524219 0.054688 0.092188
5 0.341406 0.461719 0.057813 0.064062
3 0.147656 0.793750 0.057813 0.059375
2 0.132031 0.678125 0.042188 0.056250
3 0.163281 0.671875 0.035937 0.078125
3 0.253906 0.635938 0.045312 0.059375
3 0.177344 0.621875 0.039062 0.037500
3 0.296094 0.676562 0.045312 0.046875
3 0.439063 0.471094 0.043750 0.064062
3 0.466406 0.451562 0.017188 0.065625
6 0.417187 0.372656 0.021875 0.070312
2 0.211719 0.435937 0.039063 0.075000
2 0.308594 0.607812 0.029687 0.075000
6 0.289844 0.552344 0.035937 0.035937
2 0.285156 0.536719 0.032813 0.060937
3 0.263281 0.568750 0.035937 0.037500
2 0.257813 0.517969 0.031250 0.054688
2 0.417969 0.407813 0.023438 0.050000
