3 0.314063 0.561719 0.037500 0.048438
3 0.325000 0.591406 0.040625 0.051562
1 0.354688 0.365625 0.040625 0.087500
3 0.250000 0.433594 0.028125 0.054688
1 0.347656 0.234375 0.032813 0.043750
1 0.192188 0.648438 0.043750 0.084375
3 0.237500 0.804688 0.050000 0.046875
3 0.265625 0.789062 0.043750 0.046875
1 0.716406 0.360156 0.048438 0.082813
1 0.750781 0.478906 0.048438 0.089063
1 0.760156 0.428906 0.054688 0.067188
3 0.681250 0.609375 0.037500 0.062500
3 0.685937 0.616406 0.031250 0.070312
3 0.679688 0.728906 0.043750 0.054688
3 0.692188 0.806250 0.046875 0.050000
2 0.160938 0.699219 0.046875 0.060937
2 0.125781 0.776563 0.054688 0.059375
2 0.405469 0.534375 0.035937 0.090625
2 0.282031 0.484375 0.045312 0.071875
