1 0.196875 0.387500 0.059375 0.100000
3 0.216406 0.600000 0.048438 0.068750
3 0.184375 0.602344 0.046875 0.051562
3 0.625000 0.748437 0.062500 0.075000
3 0.634375 0.715625 0.056250 0.075000
7 0.703906 0.812500 0.051562 0.053125
7 0.713281 0.775000 0.045312 0.043750
3 0.715625 0.748438 0.053125 0.046875
1 0.639062 0.317969 0.050000 0.110937
1 0.737500 0.349219 0.056250 0.095312
5 0.721875 0.429688 0.040625 0.093750
1 0.013281 0.395313 0.026563 0.090625
3 0.054688 0.625781 0.050000 0.064062
2 0.671094 0.439063 0.026562 0.043750
2 0.243750 0.475000 0.040625 0.106250
2 0.178125 0.503906 0.028125 0.079687
2 0.047656 0.475000 0.035938 0.071875
