1 0.529687 0.317969 0.056250 0.110937
1 0.515625 0.454688 0.062500 0.118750
1 0.407813 0.385156 0.062500 0.104687
1 0.264844 0.729688 0.054688 0.115625
3 0.180469 0.873437 0.039062 0.071875
1 0.200781 0.868750 0.057813 0.112500
3 0.203125 0.857031 0.025000 0.057813
3 0.407813 0.764062 0.040625 0.071875
3 0.389063 0.782813 0.056250 0.068750
3 0.508594 0.883594 0.054688 0.057813
3 0.455469 0.930469 0.064062 0.067187
3 0.552344 0.750000 0.039063 0.084375
3 0.535938 0.721094 0.031250 0.073438
2 0.443750 0.714844 0.046875 0.114062
