1 0.383594 0.416406 0.057813 0.110937
1 0.470313 0.501563 0.062500 0.118750
1 0.350000 0.527344 0.062500 0.104688
1 0.264844 0.729688 0.054688 0.115625
1 0.183594 0.846094 0.073438 0.104688
3 0.180469 0.873437 0.039062 0.071875
3 0.203125 0.857031 0.025000 0.057813
3 0.325781 0.933594 0.039062 0.082812
3 0.365625 0.931250 0.062500 0.075000
3 0.454688 0.894531 0.062500 0.057813
3 0.428125 0.854688 0.040625 0.059375
3 0.323438 0.838281 0.031250 0.060937
3 0.367969 0.831250 0.045312 0.071875
2 0.432031 0.709375 0.060938 0.109375
