1 0.271094 0.446875 0.048438 0.084375
1 0.226563 0.599219 0.059375 0.110937
3 0.192188 0.683594 0.040625 0.042188
3 0.237500 0.807031 0.046875 0.060937
3 0.271875 0.792188 0.034375 0.043750
3 0.686719 0.624219 0.048438 0.079687
3 0.677344 0.749219 0.060938 0.064062
3 0.702344 0.759375 0.035937 0.046875
1 0.765625 0.420313 0.056250 0.100000
1 0.759375 0.474219 0.059375 0.095312
3 0.727344 0.694531 0.029687 0.039063
1 0.500000 0.385938 0.053125 0.103125
3 0.500000 0.778906 0.043750 0.076563
3 0.476563 0.746094 0.056250 0.067187
2 0.458594 0.485156 0.048438 0.070312
2 0.471094 0.550000 0.054688 0.056250
2 0.144531 0.767188 0.051562 0.075000
