1 0.510156 0.394531 0.057813 0.110937
1 0.551562 0.521875 0.062500 0.118750
1 0.367188 0.446094 0.062500 0.104688
1 0.264844 0.729688 0.054688 0.115625
3 0.180469 0.873437 0.039062 0.071875
1 0.208594 0.878906 0.057813 0.123438
3 0.203125 0.857031 0.025000 0.057813
3 0.345313 0.860156 0.034375 0.070312
3 0.362500 0.884375 0.062500 0.075000
3 0.533594 0.967187 0.067187 0.065625
3 0.489063 0.827344 0.050000 0.092188
3 0.507813 0.849219 0.056250 0.085938
3 0.525000 0.960938 0.062500 0.056250
2 0.460938 0.637500 0.037500 0.109375
2 0.514063 0.810156 0.046875 0.126562
