1 0.772656 0.438281 0.051562 0.079688
1 0.751563 0.497656 0.056250 0.085938
1 0.287500 0.189844 0.046875 0.085937
1 0.289844 0.282813 0.048438 0.078125
1 0.200781 0.490625 0.051563 0.096875
3 0.286719 0.658594 0.039062 0.039062
3 0.314844 0.638281 0.026562 0.042188
3 0.172656 0.953906 0.035937 0.051562
3 0.202344 0.949219 0.023437 0.057813
3 0.691406 0.757812 0.045312 0.031250
3 0.677344 0.687500 0.032813 0.034375
2 0.260938 0.498437 0.037500 0.087500
3 0.247656 0.423438 0.014063 0.031250
3 0.730469 0.709375 0.035938 0.034375
2 0.346875 0.466406 0.028125 0.064062
