1 0.360938 0.078906 0.053125 0.101562
1 0.317969 0.477344 0.048438 0.085938
1 0.139063 0.582031 0.056250 0.092188
3 0.211719 0.753125 0.051562 0.053125
3 0.233594 0.793750 0.039062 0.065625
3 0.260156 0.686719 0.042188 0.064062
3 0.329688 0.683594 0.021875 0.064062
1 0.716406 0.451563 0.054688 0.106250
3 0.717188 0.710938 0.053125 0.059375
3 0.704688 0.735938 0.053125 0.059375
3 0.352344 0.396094 0.045312 0.064062
3 0.405469 0.400781 0.057812 0.057812
2 0.141406 0.775000 0.051562 0.075000
2 0.160938 0.658594 0.040625 0.067187
2 0.333594 0.207031 0.039062 0.051562
