1 0.431250 0.424219 0.056250 0.110937
1 0.471875 0.539844 0.062500 0.117188
1 0.335938 0.521875 0.062500 0.103125
1 0.264844 0.729688 0.054688 0.115625
1 0.203906 0.877344 0.073438 0.104688
3 0.180469 0.873437 0.039062 0.071875
3 0.203125 0.857031 0.025000 0.057813
3 0.325781 0.933594 0.039062 0.082812
3 0.365625 0.931250 0.062500 0.075000
3 0.472656 0.896094 0.060937 0.073438
3 0.460938 0.959375 0.050000 0.065625
3 0.416406 0.876563 0.042188 0.075000
3 0.442969 0.824219 0.045312 0.073438
2 0.560938 0.789062 0.043750 0.112500
