1 0.445312 0.068750 0.062500 0.093750
1 0.433594 0.114063 0.045312 0.075000
1 0.188281 0.289844 0.057812 0.082812
1 0.307813 0.386719 0.062500 0.082812
1 0.102344 0.519531 0.054688 0.092188
5 0.341406 0.461719 0.057813 0.064062
3 0.150781 0.806250 0.057813 0.059375
2 0.148438 0.680469 0.043750 0.054688
3 0.172656 0.703125 0.035937 0.078125
3 0.253906 0.635938 0.045312 0.059375
3 0.170313 0.618750 0.043750 0.037500
3 0.296094 0.676562 0.045312 0.046875
3 0.439063 0.471094 0.043750 0.064062
3 0.466406 0.451562 0.017188 0.065625
2 0.424219 0.355469 0.026562 0.073438
6 0.417187 0.367188 0.021875 0.071875
2 0.203906 0.425000 0.045313 0.075000
2 0.307813 0.608594 0.031250 0.076563
2 0.291406 0.530469 0.032813 0.060937
3 0.263281 0.568750 0.035937 0.037500
2 0.260938 0.514844 0.031250 0.054688
3 0.475781 0.399219 0.020313 0.048437
3 0.281250 0.601562 0.018750 0.021875
2 0.153906 0.528906 0.048438 0.079687
3 0.437500 0.400781 0.021875 0.042187
6 0.292969 0.557813 0.035937 0.034375
