2 0.378906 0.346875 0.029688 0.071875
2 0.300781 0.478125 0.045312 0.056250
1 0.335156 0.257031 0.054688 0.079687
1 0.353125 0.380469 0.037500 0.101562
1 0.325781 0.392188 0.048438 0.103125
1 0.495312 0.400781 0.053125 0.126562
1 0.683594 0.249219 0.045312 0.107813
1 0.767969 0.424219 0.054688 0.082813
1 0.598438 0.723437 0.056250 0.128125
3 0.354688 0.820312 0.037500 0.084375
3 0.478125 0.778906 0.040625 0.054688
3 0.506250 0.820312 0.046875 0.053125
3 0.657031 0.621094 0.051562 0.067187
3 0.676562 0.660937 0.046875 0.065625
3 0.708594 0.691406 0.042188 0.073438
