3 0.180469 0.623437 0.029687 0.050000
3 0.198438 0.657031 0.031250 0.054688
3 0.349219 0.435156 0.035937 0.067187
3 0.379688 0.446875 0.034375 0.065625
3 0.235938 0.801562 0.056250 0.062500
3 0.268750 0.785156 0.043750 0.060937
3 0.575781 0.645312 0.045312 0.056250
3 0.557031 0.682813 0.060937 0.065625
3 0.669531 0.725781 0.048438 0.060937
3 0.695313 0.754687 0.056250 0.046875
1 0.775000 0.427344 0.050000 0.089063
1 0.759375 0.484375 0.056250 0.081250
1 0.585156 0.279688 0.060937 0.106250
1 0.271875 0.410938 0.043750 0.109375
1 0.203125 0.628125 0.056250 0.093750
3 0.682813 0.610156 0.037500 0.060937
1 0.333594 0.209375 0.039062 0.065625
2 0.348438 0.375781 0.040625 0.054688
2 0.271094 0.557031 0.042188 0.057813
2 0.139063 0.769531 0.050000 0.051562
