1 0.334375 0.253125 0.046875 0.075000
1 0.368750 0.320313 0.059375 0.090625
1 0.323438 0.385937 0.043750 0.081250
1 0.460938 0.415625 0.062500 0.121875
1 0.571875 0.596875 0.059375 0.103125
1 0.698438 0.268750 0.050000 0.106250
1 0.769531 0.426563 0.054688 0.084375
3 0.658594 0.618750 0.051562 0.071875
3 0.675781 0.648438 0.039062 0.062500
3 0.713281 0.691406 0.054688 0.070313
3 0.435938 0.784375 0.046875 0.059375
3 0.467969 0.821875 0.067187 0.056250
3 0.358594 0.782031 0.048438 0.057813
3 0.378906 0.753906 0.039062 0.064062
