1 0.133594 0.755469 0.070312 0.110937
1 0.083594 0.541406 0.064063 0.104688
1 0.175000 0.431250 0.059375 0.109375
1 0.271094 0.422656 0.060937 0.104688
1 0.357031 0.441406 0.060937 0.098437
3 0.330469 0.691406 0.054688 0.054688
3 0.342188 0.662500 0.056250 0.037500
3 0.212500 0.946094 0.050000 0.079687
2 0.164844 0.940625 0.023438 0.075000
3 0.169531 0.942187 0.042188 0.081250
2 0.129688 0.876563 0.062500 0.087500
3 0.110156 0.801562 0.051562 0.046875
6 0.131250 0.650000 0.043750 0.046875
2 0.320313 0.564063 0.043750 0.040625
2 0.292188 0.581250 0.025000 0.059375
2 0.249219 0.560156 0.032813 0.064062
2 0.194531 0.603906 0.029687 0.070312
