1 0.770312 0.429688 0.053125 0.090625
1 0.773438 0.475000 0.050000 0.093750
3 0.676562 0.668750 0.059375 0.071875
3 0.713281 0.700000 0.060938 0.056250
3 0.728906 0.770313 0.045312 0.053125
3 0.351563 0.792188 0.056250 0.068750
3 0.365625 0.767188 0.046875 0.062500
1 0.371875 0.343750 0.046875 0.096875
1 0.335156 0.252344 0.042188 0.070312
1 0.241406 0.371875 0.042188 0.100000
3 0.204688 0.616406 0.043750 0.054688
3 0.168750 0.593750 0.021875 0.040625
1 0.070313 0.500781 0.062500 0.098437
1 0.096875 0.650781 0.062500 0.095312
3 0.111719 0.864844 0.054687 0.051562
3 0.135938 0.843750 0.043750 0.043750
3 0.109375 0.907031 0.065625 0.054688
2 0.225781 0.534375 0.032813 0.059375
2 0.373438 0.596094 0.037500 0.076563
2 0.092969 0.770312 0.023438 0.056250
