1 0.770312 0.429688 0.053125 0.090625
1 0.773438 0.475000 0.050000 0.093750
3 0.676562 0.668750 0.059375 0.071875
3 0.713281 0.700000 0.060938 0.056250
3 0.727344 0.775000 0.045312 0.053125
3 0.357813 0.944531 0.056250 0.070312
3 0.350781 0.885938 0.039062 0.065625
1 0.352344 0.492188 0.051562 0.103125
1 0.336719 0.263281 0.042188 0.070312
1 0.300781 0.433594 0.051562 0.101562
1 0.116406 0.435156 0.060937 0.114062
1 0.067188 0.616406 0.062500 0.095312
3 0.111719 0.864844 0.054687 0.051562
3 0.135938 0.814063 0.043750 0.043750
3 0.109375 0.907031 0.065625 0.054688
3 0.171094 0.865625 0.045312 0.056250
2 0.385938 0.363281 0.015625 0.048438
2 0.400781 0.747656 0.029688 0.089063
2 0.255469 0.538281 0.042188 0.070312
2 0.277344 0.536719 0.032813 0.098437
2 0.125781 0.633594 0.032813 0.079687
2 0.035938 0.826562 0.037500 0.109375
