1 0.770312 0.429688 0.053125 0.090625
1 0.773438 0.475000 0.050000 0.093750
3 0.676562 0.668750 0.059375 0.071875
3 0.713281 0.700000 0.060938 0.056250
3 0.727344 0.775000 0.045312 0.053125
3 0.285938 0.966406 0.065625 0.064062
1 0.285156 0.535156 0.051562 0.104688
1 0.336719 0.263281 0.042188 0.070312
1 0.292969 0.436719 0.051562 0.101562
1 0.094531 0.492969 0.060938 0.114062
1 0.085938 0.622656 0.062500 0.095312
3 0.111719 0.864844 0.054687 0.051562
3 0.134375 0.823438 0.053125 0.043750
3 0.100000 0.924219 0.065625 0.054688
3 0.164844 0.869531 0.054688 0.057813
3 0.347656 0.446094 0.045312 0.073438
2 0.118750 0.692969 0.034375 0.073438
2 0.030469 0.825781 0.039063 0.092188
2 0.085156 0.771094 0.032813 0.048438
2 0.296094 0.815625 0.042188 0.115625
2 0.239844 0.525781 0.045312 0.073438
2 0.389844 0.353906 0.023438 0.064062
