1 0.036719 0.419531 0.054688 0.085938
1 0.203906 0.386719 0.051563 0.085938
1 0.534375 0.258594 0.053125 0.104688
1 0.437500 0.554688 0.059375 0.100000
1 0.091406 0.385937 0.064062 0.109375
1 0.353125 0.386719 0.056250 0.126562
1 0.750781 0.388281 0.057813 0.104688
1 0.279688 0.428125 0.040625 0.071875
1 0.762500 0.460156 0.059375 0.092188
3 0.495312 0.657031 0.062500 0.067187
3 0.543750 0.642969 0.046875 0.082812
2 0.128906 0.621094 0.035937 0.089063
2 0.082813 0.593750 0.040625 0.103125
3 0.053906 0.661719 0.048438 0.073438
3 0.046094 0.610938 0.035938 0.056250
2 0.077344 0.609375 0.032813 0.081250
3 0.092969 0.778125 0.048438 0.043750
3 0.145313 0.785937 0.040625 0.068750
3 0.299219 0.715625 0.048438 0.053125
3 0.345313 0.786719 0.053125 0.067187
3 0.664844 0.671875 0.048438 0.059375
3 0.702344 0.726563 0.051563 0.059375
3 0.666406 0.642188 0.045312 0.046875
3 0.229688 0.635156 0.034375 0.057813
3 0.363281 0.767969 0.045312 0.048438
3 0.253125 0.703125 0.043750 0.056250
2 0.730469 0.787500 0.048438 0.090625
