1 0.244531 0.196094 0.039062 0.048437
1 0.265625 0.348438 0.046875 0.087500
1 0.138281 0.592187 0.054688 0.096875
2 0.283594 0.416406 0.051562 0.057813
3 0.276563 0.417969 0.034375 0.045312
3 0.295313 0.551562 0.040625 0.037500
3 0.310938 0.572656 0.040625 0.042188
3 0.217188 0.796094 0.059375 0.060937
3 0.250000 0.807031 0.053125 0.060937
7 0.668750 0.725781 0.056250 0.051562
7 0.685156 0.749219 0.054688 0.032813
3 0.678906 0.642969 0.042188 0.076563
3 0.721094 0.685938 0.042188 0.046875
1 0.771094 0.425000 0.051562 0.081250
1 0.759375 0.478906 0.046875 0.089063
3 0.144531 0.446875 0.045312 0.043750
1 0.159375 0.118750 0.053125 0.087500
3 0.107813 0.429688 0.037500 0.053125
2 0.139063 0.797656 0.043750 0.095312
2 0.169531 0.287500 0.032813 0.071875
