1 0.770312 0.429688 0.053125 0.090625
1 0.773438 0.475000 0.050000 0.093750
3 0.676562 0.668750 0.059375 0.071875
3 0.713281 0.700000 0.060938 0.056250
3 0.727344 0.775000 0.045312 0.053125
3 0.285938 0.966406 0.065625 0.064062
1 0.272656 0.563281 0.051562 0.104688
1 0.336719 0.263281 0.042188 0.070312
1 0.305469 0.503125 0.051562 0.100000
1 0.089844 0.466406 0.060937 0.114062
1 0.067188 0.607031 0.062500 0.095312
3 0.134375 0.823438 0.053125 0.043750
3 0.098438 0.903906 0.065625 0.054688
3 0.164844 0.869531 0.054688 0.057813
3 0.269531 0.960156 0.048438 0.073438
3 0.348438 0.440625 0.050000 0.046875
2 0.103125 0.660937 0.031250 0.062500
2 0.100000 0.756250 0.034375 0.050000
2 0.247656 0.830469 0.039062 0.092188
2 0.322656 0.761719 0.029687 0.082812
2 0.392188 0.360156 0.021875 0.048438
