1 0.763281 0.457813 0.076563 0.100000
1 0.300000 0.483594 0.056250 0.095312
1 0.317969 0.345313 0.048438 0.106250
1 0.151563 0.389844 0.062500 0.107813
2 0.179688 0.520312 0.028125 0.050000
2 0.284375 0.444531 0.028125 0.051562
3 0.185938 0.646094 0.046875 0.060937
3 0.258594 0.696875 0.051562 0.059375
3 0.669531 0.697656 0.054688 0.042188
3 0.701563 0.737500 0.062500 0.046875
1 0.014063 0.263281 0.028125 0.117188
2 0.034375 0.381250 0.034375 0.081250
3 0.014063 0.721875 0.028125 0.062500
3 0.016406 0.675000 0.032813 0.034375
2 0.385938 0.441406 0.031250 0.064062
3 0.182813 0.582031 0.043750 0.039062
