1 0.144531 0.657031 0.064062 0.098437
1 0.095313 0.549219 0.053125 0.098437
1 0.182031 0.457031 0.054688 0.101562
1 0.289844 0.426563 0.057813 0.100000
1 0.353906 0.451562 0.051562 0.090625
3 0.327344 0.696875 0.054688 0.046875
3 0.346875 0.653906 0.059375 0.051562
2 0.263281 0.591406 0.035937 0.114062
2 0.289063 0.594531 0.034375 0.092188
2 0.318750 0.576562 0.040625 0.050000
2 0.189063 0.561719 0.031250 0.082812
2 0.200781 0.562500 0.032813 0.059375
2 0.077344 0.739844 0.070312 0.051562
2 0.060938 0.773438 0.050000 0.068750
