1 0.770312 0.440625 0.050000 0.075000
1 0.749219 0.491406 0.051562 0.079688
1 0.294531 0.283594 0.048438 0.079687
1 0.214844 0.560156 0.051563 0.095312
3 0.292188 0.657031 0.031250 0.032813
3 0.314844 0.639844 0.017188 0.035937
3 0.224219 0.992188 0.054687 0.015625
3 0.262500 0.983594 0.021875 0.032813
3 0.691406 0.757812 0.045312 0.031250
3 0.677344 0.687500 0.032813 0.034375
3 0.730469 0.709375 0.035938 0.034375
1 0.261719 0.182813 0.042188 0.081250
2 0.342969 0.465625 0.035937 0.075000
2 0.257813 0.498437 0.034375 0.087500
