1 0.332031 0.403906 0.057813 0.110937
1 0.467187 0.460156 0.062500 0.117188
1 0.356250 0.525781 0.062500 0.104688
1 0.264844 0.729688 0.054688 0.115625
1 0.192969 0.919531 0.073438 0.104688
3 0.180469 0.873437 0.039062 0.071875
3 0.203125 0.857031 0.025000 0.057813
3 0.325781 0.933594 0.039062 0.082812
3 0.365625 0.931250 0.062500 0.075000
3 0.454688 0.894531 0.062500 0.057813
3 0.421875 0.857812 0.040625 0.059375
3 0.312500 0.843750 0.031250 0.062500
3 0.367969 0.831250 0.045312 0.071875
2 0.472656 0.757031 0.048438 0.110937
