1 0.550000 0.357031 0.056250 0.110937
1 0.500000 0.507812 0.062500 0.118750
1 0.398438 0.416406 0.062500 0.104687
1 0.264844 0.729688 0.054688 0.115625
3 0.180469 0.873437 0.039062 0.071875
1 0.200781 0.868750 0.057813 0.112500
3 0.203125 0.857031 0.025000 0.057813
3 0.356250 0.782813 0.040625 0.071875
3 0.384375 0.793750 0.062500 0.075000
3 0.521094 0.947656 0.064062 0.079687
3 0.455469 0.941406 0.064062 0.067187
3 0.544531 0.768750 0.032813 0.084375
3 0.523438 0.750781 0.021875 0.073438
2 0.428906 0.761719 0.039063 0.114062
