1 0.770312 0.440625 0.050000 0.075000
1 0.753906 0.494531 0.051562 0.079687
1 0.294531 0.283594 0.048438 0.079687
1 0.183594 0.539062 0.051563 0.096875
3 0.286719 0.658594 0.039062 0.039062
3 0.315625 0.638281 0.025000 0.042188
3 0.191406 0.981250 0.042187 0.037500
3 0.228125 0.947656 0.034375 0.048438
3 0.691406 0.757812 0.045312 0.031250
3 0.677344 0.687500 0.032813 0.034375
2 0.258594 0.498437 0.039062 0.100000
3 0.247656 0.423438 0.014063 0.031250
3 0.730469 0.709375 0.035938 0.034375
1 0.267188 0.178125 0.046875 0.087500
2 0.346875 0.460938 0.028125 0.075000
