1 0.101563 0.655469 0.062500 0.101562
2 0.106250 0.738281 0.050000 0.067187
2 0.079688 0.732031 0.025000 0.060937
2 0.330469 0.780469 0.039062 0.073438
1 0.074219 0.518750 0.060938 0.109375
1 0.321094 0.367188 0.048438 0.093750
1 0.271875 0.566406 0.056250 0.101562
1 0.335156 0.260156 0.057813 0.060938
1 0.770312 0.432031 0.056250 0.098438
1 0.776563 0.465625 0.053125 0.093750
3 0.671875 0.660156 0.056250 0.067187
3 0.728906 0.776563 0.057813 0.062500
3 0.100781 0.913281 0.051563 0.064062
3 0.278125 0.971094 0.046875 0.057813
3 0.289063 0.984375 0.028125 0.031250
3 0.699219 0.695312 0.045312 0.056250
2 0.387500 0.357031 0.031250 0.064062
2 0.253906 0.839063 0.032813 0.081250
3 0.142969 0.864062 0.057813 0.059375
3 0.349219 0.437500 0.042188 0.043750
