1 0.476562 0.096094 0.050000 0.085938
1 0.190625 0.257031 0.056250 0.082812
1 0.300781 0.396094 0.067188 0.092188
1 0.114844 0.519531 0.054688 0.092188
5 0.345313 0.457031 0.059375 0.064062
3 0.152344 0.800000 0.057813 0.059375
2 0.147656 0.665625 0.042188 0.056250
3 0.175781 0.708594 0.048438 0.076563
3 0.253906 0.635938 0.045312 0.059375
3 0.296094 0.676562 0.045312 0.046875
3 0.470313 0.472656 0.043750 0.051562
6 0.487500 0.283594 0.025000 0.076563
2 0.207813 0.428906 0.056250 0.082812
2 0.307813 0.608594 0.031250 0.076563
2 0.299219 0.507031 0.035937 0.060937
3 0.263281 0.568750 0.035937 0.037500
3 0.495312 0.460938 0.021875 0.053125
3 0.281250 0.601562 0.018750 0.021875
2 0.164063 0.611719 0.043750 0.054688
2 0.489063 0.345313 0.028125 0.056250
2 0.254688 0.483594 0.043750 0.067187
6 0.295313 0.554688 0.046875 0.037500
6 0.602344 0.305469 0.023438 0.073438
1 0.575781 0.110938 0.042188 0.081250
3 0.571875 0.446875 0.031250 0.084375
3 0.543750 0.478906 0.025000 0.064062
3 0.187500 0.623437 0.025000 0.037500
6 0.519531 0.253906 0.020313 0.107813
