1 0.764844 0.432813 0.051562 0.081250
1 0.747656 0.491406 0.060937 0.104688
1 0.306250 0.397656 0.050000 0.089063
1 0.532031 0.368750 0.054688 0.100000
3 0.329688 0.678906 0.056250 0.039062
3 0.520313 0.807031 0.050000 0.035937
3 0.691406 0.757812 0.045312 0.031250
3 0.677344 0.687500 0.032813 0.034375
1 0.352344 0.297656 0.054688 0.092188
1 0.183594 0.342187 0.048438 0.090625
1 0.310156 0.271875 0.042188 0.065625
3 0.190625 0.591406 0.037500 0.042188
3 0.385156 0.688281 0.045312 0.045312
3 0.553125 0.778906 0.025000 0.029687
6 0.337500 0.585938 0.043750 0.103125
