1 0.101563 0.640625 0.062500 0.100000
2 0.106250 0.738281 0.050000 0.067187
2 0.079688 0.732031 0.025000 0.060937
2 0.330469 0.780469 0.039062 0.073438
1 0.186719 0.460156 0.060938 0.110937
1 0.328906 0.373437 0.048438 0.093750
1 0.275781 0.560156 0.054688 0.101562
1 0.335156 0.260156 0.057813 0.060938
1 0.770312 0.432031 0.056250 0.098438
1 0.776563 0.465625 0.053125 0.093750
3 0.671875 0.660156 0.056250 0.067187
3 0.728906 0.776563 0.057813 0.062500
3 0.100781 0.913281 0.051563 0.064062
3 0.278125 0.971094 0.046875 0.057813
3 0.289063 0.984375 0.028125 0.031250
3 0.699219 0.695312 0.045312 0.056250
2 0.387500 0.357031 0.031250 0.064062
2 0.253906 0.839063 0.032813 0.081250
3 0.163281 0.841406 0.057813 0.060937
3 0.349219 0.437500 0.042188 0.043750
3 0.221094 0.868750 0.029687 0.084375
2 0.160156 0.642188 0.042188 0.090625
2 0.228125 0.687500 0.040625 0.081250
