1 0.110937 0.071094 0.053125 0.101562
1 0.240625 0.196094 0.031250 0.039062
1 0.264063 0.347656 0.046875 0.098437
3 0.292969 0.537500 0.039062 0.068750
3 0.312500 0.565625 0.031250 0.059375
3 0.196094 0.839844 0.064062 0.054688
3 0.231250 0.794531 0.034375 0.060937
1 0.123438 0.596094 0.056250 0.101562
1 0.755469 0.488281 0.045312 0.101562
1 0.773438 0.428125 0.053125 0.096875
3 0.675000 0.635938 0.043750 0.068750
3 0.725781 0.689844 0.039062 0.051563
7 0.672656 0.726562 0.045313 0.059375
7 0.687500 0.743750 0.046875 0.062500
2 0.142188 0.766406 0.034375 0.057813
2 0.186719 0.668750 0.026562 0.062500
2 0.294531 0.422656 0.045312 0.054688
2 0.153906 0.163281 0.045313 0.085938
