1 0.788281 0.432813 0.051562 0.081250
1 0.754687 0.495313 0.062500 0.106250
1 0.296875 0.400781 0.050000 0.089063
1 0.500781 0.366406 0.054688 0.098437
3 0.392188 0.720313 0.050000 0.040625
3 0.467188 0.821875 0.018750 0.050000
3 0.517188 0.779687 0.021875 0.037500
3 0.691406 0.757812 0.045312 0.031250
3 0.677344 0.687500 0.032813 0.034375
1 0.392188 0.314844 0.056250 0.092188
1 0.186719 0.332031 0.048438 0.089063
1 0.314844 0.270313 0.042188 0.065625
3 0.190625 0.591406 0.037500 0.042188
3 0.385156 0.688281 0.045312 0.045312
6 0.375000 0.594531 0.031250 0.101562
