3 0.180469 0.623437 0.029687 0.050000
3 0.198438 0.657031 0.031250 0.054688
3 0.391406 0.446875 0.035937 0.065625
3 0.452344 0.446875 0.035937 0.065625
3 0.235938 0.801562 0.056250 0.062500
3 0.268750 0.785156 0.043750 0.060937
3 0.575781 0.645312 0.045312 0.056250
3 0.557031 0.682813 0.060937 0.065625
3 0.669531 0.725781 0.048438 0.060937
3 0.695313 0.754687 0.056250 0.046875
1 0.775000 0.427344 0.050000 0.089063
1 0.759375 0.484375 0.056250 0.081250
1 0.585156 0.279688 0.060937 0.106250
1 0.251563 0.434375 0.043750 0.109375
1 0.203125 0.628125 0.056250 0.093750
3 0.682813 0.610156 0.037500 0.060937
2 0.172656 0.717969 0.032813 0.054688
2 0.138281 0.775781 0.051562 0.070312
2 0.236719 0.592969 0.048438 0.095312
2 0.427344 0.374219 0.020313 0.057812
