1 0.188281 0.645312 0.054688 0.090625
1 0.337500 0.389844 0.043750 0.076563
1 0.787500 0.521875 0.059375 0.125000
1 0.749219 0.431250 0.051562 0.106250
1 0.776563 0.472656 0.053125 0.092188
3 0.189063 0.888281 0.046875 0.051562
3 0.211719 0.859375 0.042188 0.068750
3 0.334375 0.579688 0.031250 0.056250
3 0.401562 0.578125 0.034375 0.062500
3 0.717188 0.928125 0.053125 0.068750
3 0.792969 0.928906 0.051562 0.070312
3 0.709375 0.713281 0.037500 0.051563
3 0.705469 0.690625 0.026562 0.034375
2 0.172656 0.720313 0.029687 0.040625
