3 0.314063 0.561719 0.037500 0.048438
3 0.325000 0.591406 0.040625 0.051562
1 0.354688 0.365625 0.040625 0.087500
2 0.285156 0.472656 0.039062 0.067187
3 0.250000 0.433594 0.028125 0.054688
1 0.303906 0.210156 0.032813 0.042187
1 0.196875 0.630469 0.043750 0.085938
3 0.237500 0.804688 0.050000 0.046875
3 0.265625 0.789062 0.043750 0.046875
1 0.728906 0.382813 0.042188 0.090625
1 0.747656 0.478906 0.042188 0.089063
1 0.765625 0.428906 0.046875 0.067188
3 0.681250 0.609375 0.037500 0.062500
3 0.685937 0.616406 0.031250 0.070312
3 0.679688 0.728906 0.043750 0.054688
3 0.692188 0.806250 0.046875 0.050000
2 0.375781 0.550781 0.035937 0.082812
2 0.157031 0.721094 0.045312 0.054688
2 0.126563 0.771094 0.050000 0.054688
