1 0.039844 0.411719 0.054688 0.085938
1 0.105469 0.385156 0.067187 0.104688
1 0.254688 0.359375 0.056250 0.096875
1 0.356250 0.355469 0.062500 0.101562
1 0.559375 0.261719 0.068750 0.117188
1 0.770312 0.457813 0.093750 0.068750
1 0.749219 0.392188 0.070312 0.078125
1 0.438281 0.558594 0.082812 0.098437
1 0.286719 0.452344 0.085938 0.104688
3 0.565625 0.685937 0.040625 0.056250
3 0.540625 0.631250 0.053125 0.103125
3 0.674219 0.679688 0.064063 0.093750
3 0.149219 0.781250 0.060937 0.087500
3 0.348438 0.786719 0.040625 0.076563
2 0.407813 0.816406 0.040625 0.098437
3 0.061719 0.659375 0.054688 0.103125
2 0.151563 0.592187 0.034375 0.078125
2 0.730469 0.782813 0.057813 0.112500
