1 0.192188 0.423438 0.059375 0.100000
3 0.216406 0.600000 0.048438 0.068750
3 0.190625 0.592969 0.046875 0.064062
3 0.625000 0.748437 0.062500 0.075000
3 0.568750 0.752344 0.056250 0.073438
7 0.703906 0.812500 0.051562 0.053125
7 0.713281 0.775000 0.045312 0.043750
3 0.715625 0.748438 0.053125 0.046875
1 0.617188 0.325781 0.050000 0.110937
1 0.734375 0.339844 0.056250 0.095312
5 0.721875 0.429688 0.040625 0.093750
1 0.014844 0.405469 0.029688 0.089063
3 0.053125 0.625781 0.050000 0.064062
2 0.182813 0.528906 0.034375 0.067187
2 0.236719 0.499219 0.035937 0.095312
2 0.644531 0.452344 0.023438 0.057813
