1 0.339062 0.222656 0.053125 0.101563
1 0.305469 0.483594 0.048438 0.085938
1 0.182813 0.602344 0.056250 0.092188
3 0.211719 0.753125 0.051562 0.053125
3 0.233594 0.793750 0.039062 0.065625
3 0.260156 0.686719 0.042188 0.064062
3 0.329688 0.683594 0.021875 0.064062
1 0.763281 0.461719 0.054688 0.107813
3 0.667188 0.704688 0.053125 0.059375
3 0.704688 0.735938 0.053125 0.059375
2 0.350781 0.412500 0.045312 0.065625
2 0.279688 0.375781 0.031250 0.064062
2 0.179688 0.685937 0.025000 0.068750
2 0.203125 0.722656 0.034375 0.076563
