1 0.296094 0.200000 0.042188 0.087500
1 0.317969 0.477344 0.048438 0.085938
1 0.143750 0.603906 0.056250 0.092188
3 0.262500 0.797656 0.050000 0.051562
3 0.240625 0.812500 0.040625 0.065625
3 0.260156 0.686719 0.042188 0.064062
3 0.342188 0.688281 0.046875 0.064062
1 0.760156 0.412500 0.054688 0.106250
3 0.739844 0.685156 0.054688 0.060938
3 0.717969 0.705469 0.054688 0.057813
3 0.331250 0.340625 0.037500 0.053125
3 0.292969 0.331250 0.048438 0.050000
3 0.646094 0.110156 0.026562 0.045313
3 0.662500 0.142188 0.025000 0.056250
2 0.319531 0.341406 0.029688 0.060937
2 0.275000 0.353125 0.031250 0.062500
2 0.275000 0.557031 0.021875 0.048438
2 0.138281 0.776563 0.048438 0.078125
