1 0.036719 0.419531 0.054688 0.085938
1 0.260156 0.336719 0.051563 0.101562
1 0.488281 0.248438 0.051562 0.103125
1 0.323438 0.640625 0.059375 0.100000
1 0.116406 0.401562 0.064062 0.109375
1 0.344531 0.382031 0.057813 0.126562
1 0.750781 0.388281 0.057813 0.104688
1 0.762500 0.460156 0.059375 0.092188
3 0.495312 0.657031 0.062500 0.067187
3 0.470313 0.621094 0.050000 0.064062
2 0.162500 0.600781 0.050000 0.092188
3 0.053906 0.661719 0.048438 0.073438
3 0.046094 0.610938 0.035938 0.056250
2 0.057031 0.604688 0.032813 0.081250
3 0.299219 0.715625 0.048438 0.053125
3 0.345313 0.786719 0.053125 0.067187
3 0.664844 0.671875 0.048438 0.059375
3 0.702344 0.726563 0.051563 0.059375
3 0.666406 0.642188 0.045312 0.046875
3 0.229688 0.635156 0.034375 0.057813
3 0.363281 0.767969 0.045312 0.048438
3 0.253125 0.703125 0.043750 0.056250
2 0.074219 0.615625 0.029688 0.081250
2 0.728906 0.783594 0.054688 0.095312
