3 0.328125 0.437500 0.037500 0.065625
3 0.352344 0.433594 0.035937 0.064062
3 0.235938 0.801562 0.056250 0.062500
3 0.268750 0.785156 0.043750 0.060937
3 0.575781 0.645312 0.045312 0.056250
3 0.568750 0.681250 0.062500 0.065625
3 0.659375 0.711719 0.046875 0.060937
3 0.689844 0.818750 0.057813 0.053125
1 0.775000 0.427344 0.050000 0.089063
1 0.759375 0.484375 0.056250 0.081250
1 0.589063 0.260156 0.059375 0.107813
1 0.282031 0.415625 0.045312 0.068750
1 0.206250 0.620313 0.056250 0.093750
3 0.688281 0.622656 0.035937 0.079687
1 0.323437 0.201563 0.034375 0.050000
3 0.353125 0.445312 0.006250 0.000000
2 0.167969 0.721094 0.042188 0.054688
2 0.134375 0.777344 0.046875 0.070312
2 0.600781 0.491406 0.035937 0.089063
