1 0.483594 0.096094 0.048438 0.085937
1 0.185938 0.267969 0.056250 0.082812
1 0.300781 0.396094 0.067188 0.092188
1 0.116406 0.525781 0.054688 0.092188
5 0.345313 0.457031 0.059375 0.064062
3 0.152344 0.800000 0.057813 0.059375
2 0.147656 0.665625 0.042188 0.056250
3 0.175781 0.708594 0.048438 0.076563
3 0.253906 0.635938 0.045312 0.059375
3 0.296094 0.676562 0.045312 0.046875
3 0.470313 0.472656 0.043750 0.051562
6 0.487500 0.283594 0.025000 0.076563
2 0.201563 0.446875 0.056250 0.084375
2 0.307813 0.608594 0.031250 0.076563
2 0.288281 0.510156 0.035937 0.060937
3 0.263281 0.568750 0.035937 0.037500
3 0.495312 0.460938 0.021875 0.053125
3 0.281250 0.601562 0.018750 0.021875
6 0.458594 0.254688 0.032813 0.075000
2 0.172656 0.608594 0.045312 0.054688
2 0.489063 0.345313 0.028125 0.056250
2 0.254688 0.483594 0.043750 0.067187
6 0.295313 0.554688 0.046875 0.037500
6 0.544531 0.250781 0.017188 0.070312
1 0.519531 0.085156 0.035937 0.073437
3 0.514062 0.432031 0.012500 0.060937
