1 0.188281 0.645312 0.054688 0.090625
1 0.337500 0.389844 0.043750 0.076563
1 0.789844 0.433594 0.057813 0.092188
1 0.892188 0.512500 0.056250 0.106250
1 0.776563 0.472656 0.053125 0.092188
3 0.189063 0.888281 0.046875 0.051562
3 0.211719 0.859375 0.042188 0.068750
3 0.334375 0.579688 0.031250 0.056250
3 0.401562 0.578125 0.034375 0.062500
3 0.851562 0.932813 0.037500 0.053125
3 0.875781 0.958594 0.054688 0.070312
3 0.709375 0.713281 0.037500 0.051563
3 0.682813 0.651563 0.046875 0.050000
3 0.747656 0.773438 0.042188 0.068750
2 0.168750 0.732031 0.034375 0.048438
