1 0.136719 0.524219 0.067188 0.110937
1 0.307813 0.524219 0.053125 0.085938
1 0.360156 0.374219 0.057813 0.095312
1 0.479687 0.398438 0.059375 0.118750
3 0.478125 0.746875 0.065625 0.078125
3 0.486719 0.781250 0.054688 0.096875
3 0.371094 0.601562 0.048438 0.050000
3 0.405469 0.639844 0.042187 0.076563
3 0.302344 0.728906 0.039062 0.042188
3 0.348438 0.714063 0.028125 0.059375
3 0.130469 0.986719 0.042188 0.026562
3 0.163281 0.973437 0.035937 0.053125
1 0.176563 0.556250 0.053125 0.100000
2 0.530469 0.646094 0.042188 0.126562
2 0.362500 0.471094 0.025000 0.064062
2 0.383594 0.485938 0.039062 0.059375
