1 0.646875 0.082031 0.053125 0.092188
1 0.482031 0.357031 0.054688 0.110937
1 0.735938 0.477344 0.053125 0.082813
1 0.774219 0.460938 0.060937 0.084375
1 0.753125 0.396875 0.053125 0.062500
3 0.510156 0.720313 0.048438 0.078125
3 0.422656 0.703906 0.051563 0.067187
3 0.688281 0.756250 0.067188 0.068750
3 0.663281 0.667188 0.057813 0.059375
3 0.734375 0.785937 0.053125 0.075000
3 0.614062 0.375781 0.034375 0.067187
3 0.641406 0.349219 0.029687 0.060937
1 0.028906 0.400781 0.048438 0.073438
2 0.065625 0.538281 0.021875 0.032813
