1 0.770312 0.429688 0.053125 0.090625
1 0.773438 0.475000 0.050000 0.093750
3 0.676562 0.668750 0.059375 0.071875
3 0.713281 0.700000 0.060938 0.056250
3 0.727344 0.775000 0.045312 0.053125
3 0.376563 0.808594 0.056250 0.070312
3 0.365625 0.767188 0.046875 0.062500
1 0.377344 0.356250 0.051562 0.096875
1 0.333594 0.253906 0.042188 0.070312
1 0.248438 0.374219 0.040625 0.101562
1 0.123438 0.574219 0.062500 0.114062
1 0.064063 0.622656 0.062500 0.095312
3 0.111719 0.864844 0.054687 0.051562
3 0.142188 0.839063 0.043750 0.043750
3 0.109375 0.907031 0.065625 0.054688
3 0.171094 0.865625 0.045312 0.056250
2 0.226563 0.543750 0.043750 0.084375
2 0.385938 0.610156 0.043750 0.079687
2 0.154688 0.657813 0.031250 0.059375
2 0.110156 0.753906 0.054688 0.070312
