2 0.385937 0.349219 0.028125 0.057813
2 0.308594 0.590625 0.060937 0.084375
2 0.282813 0.456250 0.056250 0.071875
1 0.319531 0.396875 0.051563 0.093750
1 0.330469 0.261719 0.045312 0.076563
1 0.428906 0.293750 0.051562 0.090625
2 0.440625 0.529687 0.037500 0.075000
2 0.663281 0.476562 0.045312 0.081250
1 0.632812 0.282813 0.046875 0.096875
1 0.697656 0.210938 0.045312 0.084375
1 0.768750 0.428125 0.050000 0.090625
3 0.678125 0.666406 0.050000 0.067187
3 0.708594 0.696875 0.051562 0.050000
3 0.688281 0.544531 0.032813 0.079687
3 0.701562 0.578125 0.028125 0.068750
3 0.610938 0.660156 0.053125 0.054688
3 0.609375 0.608594 0.034375 0.032813
3 0.423438 0.667188 0.053125 0.053125
3 0.388281 0.705469 0.054688 0.060937
1 0.164844 0.568750 0.054688 0.106250
