1 0.098438 0.558594 0.068750 0.107813
1 0.176563 0.456250 0.068750 0.103125
1 0.285938 0.424219 0.050000 0.110937
1 0.350000 0.451562 0.062500 0.112500
1 0.142188 0.662500 0.065625 0.093750
2 0.058594 0.771094 0.057813 0.057813
2 0.075781 0.732812 0.057813 0.053125
2 0.200000 0.558594 0.034375 0.067187
2 0.185938 0.575000 0.028125 0.084375
2 0.256250 0.575000 0.040625 0.093750
2 0.289063 0.563281 0.040625 0.076563
2 0.317188 0.568750 0.037500 0.075000
3 0.304688 0.646875 0.043750 0.065625
3 0.322656 0.696875 0.064062 0.053125
3 0.347656 0.661719 0.054688 0.057813
