3 0.314063 0.561719 0.037500 0.048438
3 0.325000 0.591406 0.040625 0.051562
1 0.354688 0.365625 0.040625 0.087500
3 0.250000 0.433594 0.028125 0.054688
3 0.314063 0.383594 0.034375 0.042188
1 0.255469 0.182031 0.042188 0.042187
1 0.194531 0.634375 0.045312 0.084375
3 0.237500 0.804688 0.050000 0.046875
3 0.265625 0.789062 0.043750 0.046875
1 0.688281 0.290625 0.042188 0.090625
1 0.747656 0.478906 0.042188 0.089063
1 0.765625 0.428906 0.046875 0.067188
3 0.659375 0.631250 0.037500 0.062500
3 0.685156 0.621094 0.029687 0.070312
3 0.679688 0.728906 0.043750 0.054688
3 0.692188 0.806250 0.046875 0.050000
2 0.120313 0.778125 0.050000 0.062500
2 0.155469 0.682031 0.045312 0.076563
2 0.381250 0.550000 0.028125 0.090625
2 0.282031 0.487500 0.048438 0.053125
