1 0.479687 0.224219 0.053125 0.101563
1 0.318750 0.478906 0.050000 0.085938
1 0.173438 0.597656 0.056250 0.092188
3 0.211719 0.753125 0.051562 0.053125
3 0.233594 0.793750 0.039062 0.065625
3 0.260156 0.686719 0.042188 0.064062
3 0.329688 0.683594 0.021875 0.064062
1 0.763281 0.461719 0.054688 0.107813
3 0.667188 0.704688 0.053125 0.059375
3 0.704688 0.735938 0.053125 0.059375
3 0.464062 0.594531 0.053125 0.073438
3 0.490625 0.594531 0.056250 0.057813
2 0.480469 0.451562 0.029687 0.075000
2 0.182031 0.696094 0.023438 0.070312
2 0.200000 0.725000 0.031250 0.071875
