2 0.287500 0.542969 0.053125 0.095312
2 0.339063 0.556250 0.056250 0.090625
1 0.368750 0.455469 0.062500 0.085938
1 0.285938 0.381250 0.084375 0.096875
1 0.152344 0.407813 0.070312 0.084375
3 0.336719 0.696875 0.057813 0.081250
3 0.101563 0.800000 0.043750 0.084375
3 0.156250 0.869531 0.056250 0.101562
2 0.114844 0.667188 0.051563 0.087500
1 0.088281 0.543750 0.076563 0.096875
1 0.128906 0.728906 0.064062 0.098437
2 0.165625 0.804688 0.071875 0.103125
3 0.202344 0.925781 0.060937 0.089063
2 0.114844 0.667188 0.051563 0.087500
