1 0.509375 0.416406 0.056250 0.110937
1 0.565625 0.558594 0.062500 0.117188
1 0.382813 0.478125 0.062500 0.103125
1 0.264844 0.729688 0.054688 0.115625
3 0.180469 0.873437 0.039062 0.071875
1 0.208594 0.878906 0.057813 0.123438
3 0.203125 0.857031 0.025000 0.057813
3 0.339844 0.885938 0.039062 0.084375
3 0.358594 0.896094 0.060937 0.073438
3 0.518750 0.964844 0.068750 0.064062
3 0.480469 0.832812 0.051562 0.093750
3 0.500781 0.869531 0.054688 0.085938
2 0.441406 0.649219 0.045312 0.120313
2 0.553125 0.864844 0.046875 0.126562
