1 0.179688 0.505469 0.065625 0.117188
1 0.194531 0.563281 0.060938 0.129688
1 0.337500 0.421094 0.053125 0.126562
1 0.425781 0.454688 0.051562 0.090625
1 0.446094 0.497656 0.048438 0.110937
1 0.399219 0.528125 0.060937 0.109375
1 0.300781 0.607031 0.054688 0.092188
3 0.343750 0.871875 0.037500 0.065625
3 0.448438 0.897656 0.046875 0.060937
3 0.404688 0.985156 0.068750 0.029687
3 0.164844 0.936719 0.035938 0.060937
3 0.407031 0.953906 0.060938 0.035937
2 0.211719 0.860156 0.042188 0.085938
2 0.378906 0.693750 0.051563 0.121875
