1 0.631250 0.132031 0.040625 0.085938
1 0.542188 0.381250 0.050000 0.093750
1 0.736719 0.479688 0.045312 0.081250
1 0.774219 0.460938 0.060937 0.084375
1 0.753125 0.396875 0.053125 0.062500
3 0.510156 0.720313 0.048438 0.078125
3 0.560156 0.749219 0.051563 0.067187
3 0.688281 0.756250 0.067188 0.068750
3 0.663281 0.667188 0.057813 0.059375
3 0.734375 0.785937 0.053125 0.075000
3 0.607812 0.408594 0.034375 0.067187
3 0.629687 0.433594 0.028125 0.060937
1 0.028906 0.406250 0.045312 0.078125
2 0.065625 0.520312 0.028125 0.037500
