1 0.296094 0.200000 0.042188 0.087500
1 0.317969 0.477344 0.048438 0.085938
1 0.202344 0.597656 0.057813 0.092188
3 0.262500 0.797656 0.050000 0.051562
3 0.240625 0.812500 0.040625 0.065625
3 0.342188 0.688281 0.046875 0.064062
1 0.760156 0.412500 0.054688 0.106250
3 0.739844 0.685156 0.054688 0.060938
3 0.717969 0.705469 0.054688 0.057813
3 0.331250 0.340625 0.037500 0.053125
3 0.292969 0.331250 0.048438 0.050000
3 0.641406 0.185156 0.026562 0.045312
3 0.657813 0.194531 0.025000 0.054688
2 0.139063 0.776563 0.056250 0.084375
2 0.262500 0.580469 0.025000 0.076563
2 0.276563 0.355469 0.025000 0.051562
2 0.317188 0.343750 0.025000 0.059375
