1 0.488281 0.538281 0.048438 0.117188
1 0.632812 0.351563 0.046875 0.106250
1 0.735938 0.477344 0.053125 0.082813
1 0.774219 0.460938 0.060937 0.084375
1 0.753125 0.396875 0.053125 0.062500
3 0.604688 0.726562 0.021875 0.068750
3 0.629687 0.700000 0.034375 0.050000
3 0.678125 0.738281 0.046875 0.035937
2 0.732031 0.786719 0.048438 0.070312
3 0.693750 0.763281 0.037500 0.035937
3 0.662500 0.677344 0.037500 0.039062
3 0.667188 0.646094 0.040625 0.035937
2 0.029688 0.589844 0.034375 0.107813
1 0.011719 0.390625 0.023438 0.081250
