1 0.770312 0.440625 0.050000 0.075000
1 0.749219 0.484375 0.054688 0.084375
1 0.292187 0.283594 0.050000 0.089063
1 0.227344 0.550781 0.051562 0.095312
3 0.288281 0.659375 0.039062 0.037500
3 0.314844 0.639844 0.017188 0.035937
3 0.229688 0.994531 0.043750 0.010937
3 0.277344 0.979688 0.039062 0.040625
3 0.691406 0.757812 0.045312 0.031250
3 0.677344 0.687500 0.032813 0.034375
3 0.730469 0.709375 0.035938 0.034375
1 0.270313 0.190625 0.040625 0.071875
2 0.342969 0.461719 0.035937 0.073438
2 0.256250 0.483594 0.037500 0.057813
