1 0.770312 0.429688 0.053125 0.090625
1 0.773438 0.475000 0.050000 0.093750
3 0.676562 0.668750 0.059375 0.071875
3 0.713281 0.700000 0.060938 0.056250
3 0.727344 0.775000 0.045312 0.053125
3 0.376563 0.808594 0.056250 0.070312
3 0.341406 0.837500 0.048438 0.062500
1 0.392969 0.414062 0.051562 0.096875
1 0.333594 0.253906 0.042188 0.070312
1 0.260156 0.392969 0.042188 0.101562
1 0.114844 0.464844 0.060937 0.114062
1 0.067188 0.616406 0.062500 0.095312
3 0.111719 0.864844 0.054687 0.051562
3 0.135938 0.814063 0.043750 0.043750
3 0.109375 0.907031 0.065625 0.054688
3 0.171094 0.865625 0.045312 0.056250
2 0.413281 0.657031 0.039062 0.095312
2 0.333594 0.524219 0.042188 0.060937
2 0.233594 0.557813 0.048438 0.100000
2 0.138281 0.640625 0.032813 0.084375
2 0.034375 0.830469 0.040625 0.104688
