1 0.202344 0.164844 0.039062 0.048438
1 0.328125 0.376563 0.037500 0.087500
1 0.197656 0.558594 0.054688 0.098437
3 0.210938 0.417969 0.028125 0.045312
3 0.252344 0.417187 0.032813 0.046875
3 0.300000 0.557813 0.040625 0.037500
3 0.327344 0.585156 0.039062 0.042188
3 0.239063 0.803125 0.046875 0.059375
3 0.266406 0.785937 0.039062 0.062500
7 0.668750 0.725781 0.056250 0.051562
7 0.685156 0.749219 0.054688 0.032813
3 0.678906 0.642969 0.042188 0.076563
3 0.721094 0.685938 0.042188 0.046875
1 0.771094 0.425000 0.051562 0.081250
1 0.761719 0.486719 0.048438 0.089063
2 0.195313 0.697656 0.028125 0.051562
2 0.275781 0.460156 0.045312 0.060937
2 0.284375 0.500781 0.034375 0.054688
2 0.193750 0.318750 0.025000 0.046875
