1 0.546875 0.319531 0.056250 0.110937
1 0.515625 0.454688 0.062500 0.118750
1 0.407813 0.385156 0.062500 0.104687
1 0.264844 0.729688 0.054688 0.115625
3 0.180469 0.873437 0.039062 0.071875
1 0.200781 0.868750 0.057813 0.112500
3 0.203125 0.857031 0.025000 0.057813
3 0.407813 0.764062 0.040625 0.071875
3 0.389063 0.778906 0.056250 0.067187
3 0.508594 0.879687 0.054688 0.065625
3 0.458594 0.853906 0.057813 0.057813
3 0.564844 0.745313 0.048438 0.084375
3 0.538281 0.717969 0.032813 0.073438
2 0.446875 0.675781 0.040625 0.092188
