1 0.393750 0.165625 0.062500 0.093750
1 0.388281 0.268750 0.045312 0.075000
1 0.162500 0.316406 0.043750 0.051562
1 0.315625 0.382031 0.062500 0.082812
1 0.116406 0.527344 0.054688 0.092188
5 0.341406 0.461719 0.057813 0.064062
3 0.147656 0.793750 0.057813 0.059375
2 0.159375 0.682031 0.043750 0.054688
3 0.166406 0.683594 0.035937 0.076563
3 0.253906 0.636719 0.045312 0.060937
3 0.175000 0.625000 0.040625 0.037500
3 0.296094 0.679688 0.045312 0.046875
3 0.439063 0.471094 0.043750 0.064062
3 0.466406 0.451562 0.017188 0.065625
6 0.421875 0.372656 0.021875 0.070312
2 0.221094 0.463281 0.039062 0.082812
2 0.310156 0.612500 0.029687 0.075000
2 0.283594 0.536719 0.032813 0.060937
3 0.263281 0.568750 0.035937 0.037500
2 0.421875 0.414844 0.018750 0.048437
6 0.294531 0.554688 0.042188 0.034375
