1 0.065625 0.605469 0.062500 0.101562
2 0.106250 0.738281 0.050000 0.067187
2 0.079688 0.732031 0.025000 0.060937
2 0.350781 0.619531 0.039062 0.073438
1 0.231250 0.354687 0.059375 0.109375
1 0.308594 0.407813 0.048438 0.093750
1 0.388281 0.360156 0.054688 0.101562
1 0.325781 0.252344 0.057813 0.060937
1 0.770312 0.432031 0.056250 0.098438
1 0.765625 0.465625 0.053125 0.093750
3 0.671875 0.660156 0.056250 0.067187
3 0.707813 0.767188 0.059375 0.062500
3 0.111719 0.886719 0.051563 0.064062
3 0.253125 0.757812 0.034375 0.096875
3 0.211719 0.719531 0.032813 0.070312
3 0.350781 0.760156 0.045312 0.057813
3 0.396875 0.788281 0.031250 0.082812
