1 0.250781 0.191406 0.039062 0.048437
1 0.325000 0.371094 0.046875 0.089063
1 0.244531 0.375000 0.054688 0.096875
3 0.210938 0.424219 0.028125 0.045312
2 0.285938 0.459375 0.040625 0.065625
3 0.282813 0.431250 0.034375 0.046875
3 0.300000 0.557813 0.040625 0.037500
3 0.327344 0.585156 0.039062 0.042188
3 0.239063 0.803125 0.046875 0.059375
3 0.266406 0.785937 0.039062 0.062500
7 0.668750 0.725781 0.056250 0.051562
7 0.685156 0.749219 0.054688 0.032813
3 0.678906 0.642969 0.042188 0.076563
3 0.721094 0.685938 0.042188 0.046875
1 0.771094 0.425000 0.051562 0.081250
1 0.761719 0.486719 0.048438 0.089063
2 0.253906 0.625781 0.039062 0.092188
2 0.291406 0.501563 0.032813 0.059375
