1 0.770312 0.440625 0.050000 0.075000
1 0.749219 0.491406 0.051562 0.079688
1 0.294531 0.283594 0.048438 0.079687
1 0.192969 0.565625 0.051563 0.096875
3 0.298438 0.653906 0.018750 0.039062
3 0.314844 0.639844 0.017188 0.035937
3 0.224219 0.992188 0.054687 0.015625
3 0.253906 0.974219 0.035937 0.051562
3 0.691406 0.757812 0.045312 0.031250
3 0.677344 0.687500 0.032813 0.034375
3 0.527344 0.502344 0.014063 0.035937
3 0.730469 0.709375 0.035938 0.034375
1 0.260937 0.175781 0.040625 0.082812
2 0.263281 0.492969 0.039062 0.095312
2 0.345313 0.461719 0.031250 0.064062
