1 0.089063 0.063281 0.053125 0.101562
1 0.240625 0.196094 0.031250 0.039062
1 0.264063 0.347656 0.046875 0.098437
3 0.292969 0.537500 0.039062 0.068750
3 0.312500 0.565625 0.031250 0.059375
3 0.234375 0.803125 0.040625 0.046875
3 0.260938 0.805469 0.034375 0.060937
1 0.175000 0.594531 0.056250 0.101562
1 0.755469 0.488281 0.045312 0.101562
1 0.773438 0.428125 0.053125 0.096875
3 0.675000 0.635938 0.043750 0.068750
3 0.725781 0.689844 0.039062 0.051563
7 0.672656 0.726562 0.045313 0.059375
7 0.687500 0.743750 0.046875 0.062500
3 0.055469 0.442969 0.042188 0.079687
3 0.109375 0.428125 0.043750 0.065625
2 0.107031 0.164844 0.039063 0.060937
2 0.130469 0.228125 0.026562 0.059375
2 0.294531 0.426563 0.039062 0.068750
2 0.222656 0.767969 0.035937 0.060937
