1 0.766406 0.417969 0.051562 0.079688
1 0.754687 0.495313 0.062500 0.106250
1 0.296875 0.400781 0.050000 0.089063
1 0.432031 0.435156 0.054688 0.098437
3 0.392188 0.720313 0.050000 0.040625
3 0.421875 0.883594 0.034375 0.064062
3 0.691406 0.757812 0.045312 0.031250
3 0.677344 0.687500 0.032813 0.034375
1 0.392188 0.309375 0.056250 0.093750
1 0.186719 0.332031 0.048438 0.089063
1 0.314844 0.270313 0.042188 0.065625
3 0.198438 0.595313 0.037500 0.050000
3 0.385156 0.688281 0.045312 0.045312
6 0.377344 0.590625 0.039062 0.090625
