1 0.565625 0.322656 0.056250 0.110937
1 0.467187 0.413281 0.062500 0.117187
1 0.407813 0.385156 0.062500 0.104687
1 0.264844 0.729688 0.054688 0.115625
3 0.180469 0.873437 0.039062 0.071875
1 0.200781 0.868750 0.057813 0.112500
3 0.203125 0.857031 0.025000 0.057813
3 0.420313 0.750000 0.040625 0.071875
3 0.390625 0.771094 0.056250 0.067187
3 0.497656 0.853125 0.054688 0.065625
3 0.452344 0.846875 0.057813 0.059375
3 0.564844 0.745313 0.048438 0.084375
3 0.538281 0.717969 0.032813 0.073438
2 0.532031 0.519531 0.035937 0.095312
2 0.417187 0.653125 0.037500 0.109375
