1 0.211719 0.611719 0.051562 0.107813
3 0.238281 0.807031 0.054688 0.060937
3 0.318750 0.559375 0.053125 0.053125
3 0.333594 0.591406 0.045312 0.054688
1 0.340625 0.372656 0.053125 0.095312
3 0.681250 0.619531 0.040625 0.073438
3 0.725781 0.688281 0.032813 0.051563
7 0.687500 0.748437 0.059375 0.059375
7 0.675000 0.723437 0.053125 0.062500
1 0.757031 0.468750 0.048438 0.090625
1 0.758594 0.420313 0.054688 0.090625
2 0.392969 0.334375 0.017188 0.068750
2 0.293750 0.446875 0.037500 0.071875
2 0.142188 0.771094 0.062500 0.079687
2 0.185156 0.667969 0.042188 0.057813
