1 0.763281 0.457813 0.076563 0.100000
1 0.301563 0.474219 0.056250 0.073438
1 0.236719 0.439063 0.048438 0.106250
1 0.157813 0.398438 0.062500 0.109375
2 0.167188 0.502344 0.021875 0.048438
2 0.182031 0.541406 0.029688 0.051562
2 0.210938 0.532031 0.034375 0.039062
2 0.234375 0.561719 0.037500 0.054688
3 0.192188 0.660156 0.046875 0.060937
3 0.255469 0.698438 0.051562 0.059375
3 0.669531 0.697656 0.054688 0.042188
3 0.701563 0.737500 0.062500 0.046875
1 0.074219 0.515625 0.045312 0.115625
2 0.086719 0.642188 0.054688 0.090625
2 0.029688 0.614062 0.034375 0.081250
3 0.014844 0.721094 0.023438 0.076563
3 0.029688 0.681250 0.037500 0.034375
