1 0.450781 0.133594 0.054688 0.101562
1 0.310938 0.477344 0.050000 0.085938
1 0.153125 0.599219 0.056250 0.092188
3 0.211719 0.753125 0.051562 0.053125
3 0.233594 0.793750 0.039062 0.065625
3 0.260156 0.686719 0.042188 0.064062
3 0.329688 0.683594 0.021875 0.064062
1 0.775781 0.461719 0.054688 0.107813
3 0.663281 0.683594 0.054688 0.060937
3 0.704688 0.735938 0.053125 0.059375
3 0.435156 0.458594 0.045312 0.064062
3 0.485156 0.500000 0.057813 0.059375
2 0.155469 0.767969 0.039062 0.060937
2 0.267969 0.551562 0.026562 0.062500
2 0.412500 0.241406 0.034375 0.057813
2 0.482031 0.300000 0.023438 0.062500
