1 0.590625 0.233594 0.037500 0.092188
1 0.604688 0.361719 0.043750 0.095312
1 0.730469 0.483594 0.039062 0.070313
1 0.769531 0.462500 0.051562 0.078125
1 0.753125 0.396875 0.053125 0.062500
3 0.590625 0.718750 0.040625 0.050000
3 0.629687 0.700000 0.034375 0.050000
3 0.678125 0.738281 0.046875 0.035937
2 0.728906 0.786719 0.048438 0.070312
3 0.693750 0.763281 0.037500 0.035937
3 0.664062 0.678906 0.037500 0.042188
3 0.667969 0.646094 0.039062 0.035937
3 0.568750 0.564844 0.031250 0.048438
1 0.052344 0.438281 0.042188 0.079687
2 0.008594 0.600781 0.017188 0.057813
