1 0.219531 0.605469 0.054688 0.098437
1 0.335938 0.378125 0.053125 0.075000
1 0.179688 0.178906 0.034375 0.070312
3 0.315625 0.558594 0.040625 0.039062
3 0.333594 0.595313 0.042188 0.053125
3 0.238281 0.804688 0.051562 0.040625
7 0.671875 0.725000 0.050000 0.071875
7 0.687500 0.742969 0.046875 0.060937
3 0.688281 0.614062 0.042188 0.075000
3 0.725781 0.688281 0.029687 0.042188
1 0.753906 0.471094 0.051562 0.092188
1 0.763281 0.427344 0.060937 0.085938
1 0.036719 0.089844 0.045313 0.098437
3 0.216406 0.429688 0.042188 0.043750
3 0.225000 0.410156 0.046875 0.042188
3 0.035156 0.456250 0.048438 0.059375
3 0.081250 0.456250 0.034375 0.053125
2 0.096094 0.273438 0.029688 0.056250
2 0.165625 0.309375 0.025000 0.053125
2 0.206250 0.307031 0.031250 0.060937
2 0.298438 0.471094 0.065625 0.079687
2 0.190625 0.771094 0.043750 0.060937
