1 0.753125 0.440625 0.050000 0.075000
1 0.748437 0.495313 0.050000 0.081250
1 0.356250 0.389062 0.050000 0.087500
1 0.308594 0.510156 0.054688 0.098437
3 0.386719 0.723437 0.045313 0.034375
3 0.382813 0.685156 0.021875 0.029687
3 0.336719 0.939063 0.035937 0.050000
3 0.278125 0.978125 0.050000 0.043750
3 0.691406 0.757812 0.045312 0.031250
3 0.677344 0.687500 0.032813 0.034375
3 0.730469 0.709375 0.035938 0.034375
1 0.392969 0.310938 0.054688 0.093750
1 0.187500 0.325781 0.046875 0.089063
1 0.314844 0.270313 0.042188 0.065625
3 0.189063 0.587500 0.037500 0.053125
6 0.366406 0.591406 0.039062 0.098437
