1 0.770312 0.429688 0.053125 0.090625
1 0.773438 0.475000 0.050000 0.093750
3 0.676562 0.668750 0.059375 0.071875
3 0.713281 0.700000 0.060938 0.056250
3 0.727344 0.775000 0.045312 0.053125
3 0.389063 0.877344 0.056250 0.070312
3 0.363281 0.877344 0.057813 0.092188
1 0.366406 0.446875 0.051562 0.103125
1 0.336719 0.263281 0.042188 0.070312
1 0.300781 0.433594 0.051562 0.101562
1 0.120313 0.457031 0.062500 0.114062
1 0.067188 0.616406 0.062500 0.095312
3 0.111719 0.864844 0.054687 0.051562
3 0.135938 0.814063 0.043750 0.043750
3 0.109375 0.907031 0.065625 0.054688
3 0.173438 0.860938 0.046875 0.071875
2 0.095313 0.630469 0.034375 0.054688
2 0.142188 0.644531 0.031250 0.076563
2 0.240625 0.542188 0.031250 0.068750
2 0.291406 0.544531 0.039062 0.089063
2 0.382031 0.368750 0.026563 0.037500
2 0.415625 0.682031 0.031250 0.089063
2 0.324219 0.651563 0.035937 0.100000
2 0.038281 0.825000 0.042188 0.087500
