1 0.763281 0.457813 0.076563 0.100000
1 0.290625 0.483594 0.056250 0.095312
1 0.228125 0.442969 0.046875 0.107813
1 0.153906 0.383594 0.060937 0.107813
2 0.183594 0.491406 0.023438 0.051562
2 0.175781 0.510156 0.023438 0.051562
2 0.202344 0.546875 0.029688 0.056250
3 0.193750 0.660156 0.046875 0.060937
3 0.258594 0.696875 0.051562 0.059375
3 0.669531 0.697656 0.054688 0.042188
3 0.701563 0.737500 0.062500 0.046875
1 0.066406 0.517969 0.045313 0.117188
2 0.085156 0.642188 0.039063 0.090625
2 0.031250 0.621875 0.034375 0.081250
3 0.013281 0.720313 0.026563 0.068750
3 0.025781 0.678125 0.035938 0.031250
