1 0.765625 0.433594 0.053125 0.089063
1 0.773438 0.475000 0.050000 0.093750
3 0.676562 0.668750 0.059375 0.071875
3 0.713281 0.700000 0.060938 0.056250
3 0.728906 0.770313 0.045312 0.053125
3 0.351563 0.792188 0.056250 0.068750
3 0.365625 0.767188 0.046875 0.062500
1 0.371875 0.343750 0.046875 0.096875
1 0.346094 0.258594 0.042188 0.070313
1 0.232813 0.382812 0.037500 0.087500
3 0.207031 0.614062 0.045312 0.056250
3 0.168750 0.593750 0.021875 0.040625
1 0.068750 0.481250 0.062500 0.100000
1 0.076563 0.644531 0.062500 0.095312
3 0.111719 0.864844 0.054687 0.051562
3 0.132813 0.843750 0.025000 0.043750
3 0.109375 0.907031 0.065625 0.054688
2 0.370313 0.595313 0.034375 0.084375
2 0.332813 0.403906 0.028125 0.085938
2 0.391406 0.367188 0.023438 0.043750
3 0.092188 0.751563 0.037500 0.053125
3 0.085156 0.602344 0.026562 0.039062
