0 0.335938 0.502930 0.098543 0.382075
0 0.246094 0.510742 0.187574 0.490936
0 0.476562 0.534180 0.068812 0.324732
0 0.545898 0.549805 0.095260 0.417256
0 0.663086 0.620117 0.140165 0.465033
0 0.378906 0.635742 0.185049 0.688899
1 0.253906 0.306641 0.028135 0.045516
1 0.439453 0.326172 0.043703 0.070225
1 0.361328 0.330078 0.026650 0.035907
1 0.480469 0.404297 0.025073 0.032657
1 0.690430 0.427734 0.035907 0.040564
2 0.335938 0.283203 0.017156 0.040564
2 0.236328 0.316406 0.017156 0.026650
2 0.666992 0.398438 0.017156 0.029702
2 0.717773 0.414062 0.020323 0.040564
3 0.294922 0.663086 0.018736 0.068812
3 0.455078 0.663086 0.021896 0.075148
3 0.236328 0.706055 0.025073 0.093978
3 0.166016 0.709961 0.031356 0.106168
3 0.506836 0.713867 0.021896 0.063870
3 0.549805 0.733398 0.026650 0.063870
3 0.690430 0.772461 0.026650 0.124915
3 0.612305 0.807617 0.035907 0.099887
3 0.402344 0.928711 0.031356 0.103329
3 0.304688 0.932617 0.045516 0.051420
4 0.236328 0.435547 0.083188 0.169447
4 0.347656 0.447266 0.060911 0.109085
4 0.553711 0.472656 0.070225 0.149991
4 0.480469 0.502930 0.025073 0.122402
4 0.402344 0.538086 0.119939 0.261434
4 0.659180 0.557617 0.086054 0.185049
